0.001000        0.002994437560106533
0.002000        0.005904173562944592
0.003000        0.008814592645236985
0.004000        0.011701761470218841
0.005000        0.014588954697108747
0.006000        0.017465152655734784
0.007000        0.02034140920141425
0.008000        0.023211690635932314
0.009000        0.026082208945711116
0.010000        0.028949366409584343
0.011000        0.03181694646758615
0.012000        0.034682702008220545
0.013000        0.03754904322102348
0.014000        0.04041453131256212
0.015000        0.04328074258298109
0.016000        0.04614674656414941
0.017000        0.049013589077315345
0.018000        0.05188067019308917
0.019000        0.05474868723276849
0.020000        0.05761726018862667
0.021000        0.060486852095095855
0.022000        0.06335723155827111
0.023000        0.06622870144287063
0.024000        0.0691011317757031
0.025000        0.07197471458069593
0.026000        0.07484938945097674
0.027000        0.07772527104660831
0.028000        0.0806023467088437
0.029000        0.08348067679964899
0.030000        0.0863602813050992
0.031000        0.0892411823694399
0.032000        0.09212342209325186
0.033000        0.09500699571463755
0.034000        0.09789196007673517
0.035000        0.10077829152107576
0.036000        0.10366605646694005
0.037000        0.10655521805579582
0.038000        0.10944584866994944
0.039000        0.1123379023116069
0.040000        0.11523145481374186
0.041000        0.11812645393455412
0.042000        0.12102297722864641
0.043000        0.12392096826998156
0.044000        0.12682050516436583
0.045000        0.12972152875973642
0.046000        0.13262411694107712
0.047000        0.13552820885412764
0.048000        0.13843388167452098
0.049000        0.1413410735555054
0.050000        0.14424986067560397
0.051000        0.14716018067815817
0.052000        0.15007210859783804
0.053000        0.15298558188677802
0.054000        0.15590067438687427
0.055000        0.15881732355995304
0.056000        0.16173560207279536
0.057000        0.16465544751372008
0.058000        0.16757693143608243
0.059000        0.17049999161204177
0.060000        0.17342469857104525
0.061000        0.17635099028501422
0.062000        0.17927893636524317
0.063000        0.1822084749710946
0.064000        0.18513967490948957
0.065000        0.18807247449627518
0.066000        0.19100694185006262
0.067000        0.19394301540054748
0.068000        0.19688076269246046
0.069000        0.19982012222003576
0.070000        0.2027611610642861
0.071000        0.20570381773159063
0.072000        0.20864815894346833
0.073000        0.21159412316547055
0.074000        0.2145417768569189
0.075000        0.2174910583907277
0.076000        0.22044203405390128
0.077000        0.22339464207720638
0.078000        0.226348948657634
0.079000        0.22930489183735325
0.080000        0.23226253779814066
0.081000        0.23522182435060124
0.082000        0.23818281772885008
0.083000        0.24114545547265287
0.084000        0.24410980392910275
0.085000        0.24707580033161491
0.086000        0.25004351119439505
0.087000        0.25301287341270395
0.088000        0.255983953715921
0.089000        0.25895668863293864
0.090000        0.261931145150756
0.091000        0.26490725940710114
0.092000        0.26788509868386434
0.093000        0.27086459870603363
0.094000        0.2738458270829156
0.095000        0.2768287191081935
0.096000        0.27981334274678815
0.097000        0.2827996328453022
0.098000        0.2857876577485232
0.099000        0.288777351842775
0.100000        0.29176878387339045
0.101000        0.2947618877555698
0.102000        0.29775673265263336
0.103000        0.3007532519999767
0.104000        0.30375151539341694
0.105000        0.3067514557818303
0.106000        0.3097531432054019
0.107000        0.3127565101215577
0.108000        0.3157616270243473
0.109000        0.3187684258764314
0.110000        0.32177697763307833
0.111000        0.3247872137603345
0.112000        0.32779920568012066
0.113000        0.3308128843613378
0.114000        0.33382832169627186
0.115000        0.3368454481573284
0.116000        0.339864336109331
0.117000        0.3428849155299094
0.118000        0.3459072592572152
0.119000        0.34893129677677237
0.120000        0.3519571013996181
0.121000        0.3549846021226948
0.122000        0.3580138727283906
0.123000        0.36104484172934903
0.124000        0.3640775833767904
0.125000        0.367112025704019
0.126000        0.3701482434277068
0.127000        0.37318616410737526
0.128000        0.3762258629209949
0.129000        0.3792672669603938
0.130000        0.382310451860004
0.131000        0.38535534425051843
0.132000        0.3884020202173968
0.133000        0.3914504059371584
0.134000        0.394500577940331
0.135000        0.39755246195658245
0.136000        0.40060613495508335
0.137000        0.40366152222628493
0.138000        0.4067187011711688
0.139000        0.4097775966488708
0.140000        0.41283828648500887
0.141000        0.41590069511553374
0.142000        0.41896490078321413
0.143000        0.4220308275091398
0.144000        0.4250985539454941
0.145000        0.4281680037069915
0.146000        0.4312392558472702
0.147000        0.4343122335832881
0.148000        0.4373870163619955
0.149000        0.44046352701132285
0.150000        0.4435418453632316
0.151000        0.44662189386543716
0.152000        0.449703752726494
0.153000        0.4527873440227772
0.154000        0.4558727483309113
0.155000        0.45895988736485016
0.156000        0.4620488420606943
0.157000        0.4651395337789186
0.158000        0.468232043806454
0.159000        0.471326293159251
0.160000        0.4744223634663829
0.161000        0.47752017540822855
0.162000        0.48061981094729944
0.163000        0.48372119043733974
0.164000        0.4868243961655949
0.165000        0.48992934816807754
0.166000        0.49303612904807004
0.167000        0.49614465853272627
0.168000        0.4992550195326899
0.169000        0.5023671314750757
0.170000        0.505481077569252
0.171000        0.5085967769510624
0.172000        0.511714313119997
0.173000        0.5148336049293345
0.174000        0.517954736160144
0.175000        0.5210776253917704
0.176000        0.5242023566783764
0.177000        0.5273288483339336
0.178000        0.5304571846772763
0.179000        0.5335872837654829
0.180000        0.5367192301737163
0.181000        0.5398529417105511
0.182000        0.5429885031992097
0.183000        0.5461258322080695
0.184000        0.5492650138002286
0.185000        0.5524059653120741
0.186000        0.5555487720384846
0.187000        0.5586933510919732
0.188000        0.5618397879911896
0.189000        0.5649879996327911
0.190000        0.5681380717512887
0.191000        0.5712899210353939
0.192000        0.5744436334276646
0.193000        0.5775991254166826
0.194000        0.5807564831453362
0.195000        0.5839156229097835
0.196000        0.5870766310456279
0.197000        0.5902394236642046
0.198000        0.5934040872863235
0.199000        0.5965705378459916
0.200000        0.5997388620418178
0.201000        0.6029089756378649
0.202000        0.6060809655032404
0.203000        0.6092547472393406
0.204000        0.6124304078785787
0.205000        0.6156078628668524
0.206000        0.6187871993927931
0.207000        0.6219683327538572
0.208000        0.6251513502879131
0.209000        0.6283361671509269
0.210000        0.6315228708231349
0.211000        0.6347113763258498
0.212000        0.6379017712749082
0.213000        0.641093970563702
0.214000        0.6442880619370133
0.215000        0.6474839601669373
0.216000        0.6506817531206508
0.217000        0.653881355455459
0.218000        0.6570828551544938
0.219000        0.6602861667666815
0.220000        0.6634913783847729
0.221000        0.666698404455607
0.222000        0.6699073331753276
0.223000        0.673118078894877
0.224000        0.6763307299076704
0.225000        0.6795452004748377
0.226000        0.6827615789810455
0.227000        0.6859797796035938
0.228000        0.6891998908124837
0.229000        0.6924218267070579
0.230000        0.6956456758368468
0.231000        0.6988713522290073
0.232000        0.7020989445068899
0.233000        0.7053283666311341
0.234000        0.7085597072933023
0.235000        0.7117928803930837
0.236000        0.7150279746847517
0.237000        0.7182649040125124
0.238000        0.7215037571879392
0.239000        0.7247444480051239
0.240000        0.7279870653276337
0.241000        0.7312315229047144
0.242000        0.7344779096467171
0.243000        0.7377261392632164
0.244000        0.7409763007062349
0.245000        0.7442283076507472
0.246000        0.7474822490854258
0.247000        0.7507380386556353
0.248000        0.7539957653817702
0.249000        0.7572553428844699
0.250000        0.760516860211025
0.251000        0.7637802309621442
0.252000        0.7670455442072672
0.253000        0.7703127135318812
0.254000        0.7735818280229267
0.255000        0.776852801255286
0.256000        0.7801257223288367
0.257000        0.7834005048123789
0.258000        0.7866772378142564
0.259000        0.7899558349016296
0.260000        0.7932363851869209
0.261000        0.7965188022400032
0.262000        0.7998031751730732
0.263000        0.8030894175629886
0.264000        0.8063776185175033
0.265000        0.809667691624643
0.266000        0.8129597259835837
0.267000        0.8162536351976222
0.268000        0.8195495083533082
0.269000        0.8228472590732281
0.270000        0.8261469764273297
0.271000        0.8294485740614324
0.272000        0.8327521410249901
0.273000        0.8360575909909223
0.274000        0.8393650129843699
0.275000        0.8426743207091363
0.276000        0.8459856031623136
0.277000        0.8492987740822979
0.278000        0.85261392243447
0.279000        0.8559309619954529
0.280000        0.8592499816953278
0.281000        0.8625708953525066
0.282000        0.865893791858257
0.283000        0.869218585076263
0.284000        0.8725453638555383
0.285000        0.8758740421084585
0.286000        0.8792047086384063
0.287000        0.8825372774097957
0.288000        0.8858718371770795
0.289000        0.8892083019599859
0.290000        0.8925467604608048
0.291000        0.8958871267577848
0.292000        0.8992294894978876
0.293000        0.9025737628210262
0.294000        0.9059200353157326
0.295000        0.909268221186661
0.296000        0.9126184089608795
0.297000        0.9159705129107927
0.298000        0.9193246214990385
0.299000        0.9226806490687149
0.300000        0.9260386840151256
0.301000        0.9293986407549504
0.302000        0.932760607613309
0.303000        0.9361244990832844
0.304000        0.9394904034170324
0.305000        0.9428582351868044
0.306000        0.9462280825690659
0.307000        0.949599860217937
0.308000        0.9529736562315314
0.309000        0.9563493853484832
0.310000        0.9597271355859469
0.311000        0.9631068217696566
0.312000        0.9664885318332619
0.313000        0.9698721806921249
0.314000        0.9732578561938965
0.315000        0.9766454733460428
0.316000        0.980035119907777
0.317000        0.9834267109810888
0.318000        0.9868203342343715
0.319000        0.9902159048665062
0.320000        0.9936135104527324
0.321000        0.9970130662911387
0.322000        1.0004146598615336
0.323000        1.0038182065634729
0.324000        1.0072237937791044
0.325000        1.0106313370116666
0.326000        1.0140409235434724
0.327000        1.0174524689835973
0.328000        1.020866060512395
0.329000        1.0242816138468935
0.330000        1.0276992160634038
0.331000        1.0311187829889743
0.332000        1.0345404015938424
0.333000        1.0379639878170899
0.334000        1.0413896285209
0.335000        1.044817239758359
0.336000        1.048246908281655
0.337000        1.0516785502598047
0.338000        1.0551122523331102
0.339000        1.0585479307883965
0.340000        1.0619856721522307
0.341000        1.0654253928310862
0.342000        1.0688671792359887
0.343000        1.0723109478948505
0.344000        1.0757567851013956
0.345000        1.0792046075067265
0.346000        1.0826545012855462
0.347000        1.0861063832138527
0.348000        1.089560339345649
0.349000        1.0930162865835005
0.350000        1.0964743108590742
0.351000        1.099934329203128
0.352000        1.103396427423391
0.353000        1.106860522680405
0.354000        1.1103267006564046
0.355000        1.1137948786432634
0.356000        1.1172651421961977
0.357000        1.1207374087399256
0.358000        1.1242117637011653
0.359000        1.1276881246389525
0.360000        1.1311665768500596
0.361000        1.1346470380292804
0.362000        1.138129593342029
0.363000        1.141614160620259
0.364000        1.1451008248966552
0.365000        1.148589504141695
0.366000        1.1520802832539943
0.367000        1.1555730803438866
0.368000        1.1590679801746155
0.369000        1.162564900997669
0.370000        1.1660639274396445
0.371000        1.1695649778944492
0.372000        1.173068136850798
0.373000        1.1765733228462505
0.374000        1.1800806202304326
0.375000        1.1835899476857534
0.376000        1.1871013894215743
0.377000        1.190614864266328
0.378000        1.1941304562879687
0.379000        1.1976480844620863
0.380000        1.2011678327141126
0.381000        1.2046896201679083
0.382000        1.2082135306053026
0.383000        1.2117394832994979
0.384000        1.2152675618876696
0.385000        1.2187976857934135
0.386000        1.2223299385082242
0.387000        1.2258642396071089
0.388000        1.2294006724348918
0.389000        1.2329391567189827
0.390000        1.2364797756565604
0.391000        1.240022449128407
0.392000        1.2435672601831165
0.393000        1.2471141288557774
0.394000        1.2506631380454873
0.395000        1.2542142079425513
0.396000        1.2577674212956822
0.397000        1.2613226984512895
0.398000        1.2648801220068382
0.399000        1.2684396124656985
0.400000        1.2720012522732524
0.401000        1.2755649620906677
0.402000        1.2791308242104318
0.403000        1.282698759452316
0.404000        1.2862688499551282
0.405000        1.2898410166980323
0.406000        1.293415341665387
0.407000        1.2969917459965128
0.408000        1.3005703115205822
0.409000        1.3041509595378091
0.410000        1.3077337717214625
0.411000        1.3113186695333674
0.412000        1.3149057344901909
0.413000        1.3184948882160672
0.414000        1.3220862120703902
0.415000        1.3256796278402696
0.416000        1.3292752167271793
0.417000        1.332872900681858
0.418000        1.3364727607472222
0.419000        1.340074719038272
0.420000        1.3436788564387605
0.421000        1.3472850952285604
0.422000        1.35089351613167
0.423000        1.3545040415934206
0.424000        1.3581167521774908
0.425000        1.361731570495241
0.426000        1.3653485769494758
0.427000        1.3689676943181386
0.428000        1.3725890028426306
0.429000        1.3762124254680081
0.430000        1.3798380422737573
0.431000        1.383465776372562
0.432000        1.3870957076814978
0.433000        1.3907277594813738
0.434000        1.394362011526379
0.435000        1.3979983872659218
0.436000        1.4016369662908517
0.437000        1.4052776722196345
0.438000        1.4089205844793362
0.439000        1.4125656268579263
0.440000        1.4162128786182642
0.441000        1.4198622637182492
0.442000        1.423513861256124
0.443000        1.4271675953601282
0.444000        1.430823544963502
0.445000        1.4344816343652127
0.446000        1.4381419423331252
0.447000        1.441804393337316
0.448000        1.4454690659799088
0.449000        1.4491358849024554
0.450000        1.4528049285409992
0.451000        1.4564761217089064
0.452000        1.4601495426758113
0.453000        1.4638251164272358
0.454000        1.4675029210660853
0.455000        1.4711828817503498
0.456000        1.474865076415913
0.457000        1.4785494303935387
0.458000        1.4822360214517971
0.459000        1.4859247750945208
0.460000        1.489615768922695
0.461000        1.4933089286134873
0.462000        1.4970043316000474
0.463000        1.5007019037331446
0.464000        1.5044017222778407
0.465000        1.508103713258759
0.466000        1.5118079537726423
0.467000        1.515514370018204
0.468000        1.5192230389236485
0.469000        1.5229338868620026
0.470000        1.5266469905927256
0.471000        1.5303622766633698
0.472000        1.5340798216644558
0.473000        1.5377995523182637
0.474000        1.5415215450461872
0.475000        1.5452457267454225
0.476000        1.5489721736680728
0.477000        1.552700812886421
0.478000        1.5564317204831148
0.479000        1.5601648237056995
0.480000        1.563900198467218
0.481000        1.5676377721906256
0.482000        1.5713776206192254
0.483000        1.575119671351528
0.484000        1.5788639999609675
0.485000        1.582610534221745
0.486000        1.5863593495373092
0.487000        1.590110373857673
0.488000        1.5938636824161918
0.489000        1.597619203338807
0.490000        1.6013770116886867
0.491000        1.6051370357677968
0.492000        1.608899350469029
0.493000        1.612663884270475
0.494000        1.6164307118946724
0.495000        1.62019976199592
0.496000        1.6239711091263338
0.497000        1.6277446821164911
0.498000        1.6315205553480343
0.499000        1.6352986578278834
0.500000        1.6390790637671522
0.501000        1.6428617023491654
0.502000        1.6466466476144657
0.503000        1.6504338289228304
0.504000        1.6542233201441974
0.505000        1.6580150508148392
0.506000        1.6618090946340676
0.507000        1.6656053813146734
0.508000        1.6694039843853297
0.509000        1.6732048337353742
0.510000        1.6770080027228271
0.511000        1.6808134214135908
0.512000        1.6846211629950378
0.513000        1.6884311577096351
0.514000        1.692243478574115
0.515000        1.6960580560075176
0.516000        1.6998749628559437
0.517000        1.7036941297149983
0.518000        1.7075156292601807
0.519000        1.7113393922636408
0.520000        1.7151654912303034
0.521000        1.7189938571088472
0.522000        1.722824562233658
0.523000        1.7266575377299134
0.524000        1.730492855761506
0.525000        1.7343304476300752
0.526000        1.738170385329072
0.527000        1.7420126003365546
0.528000        1.7458571644755878
0.529000        1.7497040094006078
0.530000        1.7535532067643516
0.531000        1.7574046883975747
0.532000        1.7612585257827593
0.533000        1.7651146509269218
0.534000        1.7689731351423639
0.535000        1.7728339106122952
0.536000        1.7766970484789208
0.537000        1.780562481101569
0.538000        1.784430279452435
0.539000        1.7883003760668892
0.540000        1.7921728417472078
0.541000        1.796047609204722
0.542000        1.7999247490718897
0.543000        1.8038041942359104
0.544000        1.8076860151595255
0.545000        1.8115701449057102
0.546000        1.8154566537676011
0.547000        1.819345474983848
0.548000        1.8232366786780947
0.549000        1.8271301982645642
0.550000        1.8310261036975248
0.551000        1.8349243285666645
0.552000        1.8388249426569985
0.553000        1.8427278797335678
0.554000        1.846633209412266
0.555000        1.8505408656333593
0.556000        1.8544509178437583
0.557000        1.8583633001588318
0.558000        1.8622780818566422
0.559000        1.8661951972275386
0.560000        1.8701147153808737
0.561000        1.874036570781847
0.562000        1.8779608323712456
0.563000        1.881887434788979
0.564000        1.8858164468074268
0.565000        1.8897478032410682
0.566000        1.8936815726940281
0.567000        1.897617690155208
0.568000        1.901556224060636
0.569000        1.9054971095734938
0.570000        1.9094404149618764
0.571000        1.9133860755630874
0.572000        1.9173341594774538
0.573000        1.9212846022162502
0.574000        1.925237471712208
0.575000        1.9291927036504077
0.576000        1.933150365796159
0.577000        1.9371103940081884
0.578000        1.9410728558845598
0.579000        1.9450376874574822
0.580000        1.9490049561579497
0.581000        1.9529745981914814
0.582000        1.9569466808221971
0.583000        1.9609211404287485
0.584000        1.9648980441085602
0.585000        1.9688773284132441
0.586000        1.9728590602737253
0.587000        1.9768431764143948
0.588000        1.9808297435998696
0.589000        1.9848186987271372
0.590000        1.9888101083947038
0.591000        1.9928039096719665
0.592000        1.9968001689915216
0.593000        2.000798823594991
0.594000        2.004799939749258
0.595000        2.0088034548679836
0.596000        2.0128094350525423
0.597000        2.016817817888434
0.598000        2.0208286693117365
0.599000        2.024841927079594
0.600000        2.028857656962998
0.601000        2.0328757968905364
0.602000        2.0368964124683266
0.603000        2.0409194417961984
0.604000        2.044944950315614
0.605000        2.0489728762974426
0.606000        2.053003285018704
0.607000        2.0570361149211003
0.608000        2.0610714311174316
0.609000        2.0651091722200263
0.610000        2.0691494031776863
0.611000        2.0731920627731544
0.612000        2.077237215791458
0.613000        2.081284801185543
0.614000        2.0853348835768895
0.615000        2.089387402088432
0.616000        2.0934424211783327
0.617000        2.0974998801392974
0.618000        2.101559843266397
0.619000        2.1056222500218933
0.620000        2.109687164538002
0.621000        2.113754526446316
0.622000        2.117824399716431
0.623000        2.1218967241490496
0.624000        2.1259715635513814
0.625000        2.1300488578930192
0.626000        2.134128670819024
0.627000        2.1382109424676496
0.628000        2.1422957363220476
0.629000        2.146382992688908
0.630000        2.1504727748897174
0.631000        2.1545650233993694
0.632000        2.158659801377926
0.633000        2.1627570494682598
0.634000        2.16685683066925
0.635000        2.1709590857915106
0.636000        2.1750638776729936
0.637000        2.17917114729182
0.638000        2.1832809573252554
0.639000        2.1873932489186974
0.640000        2.191508084588973
0.641000        2.1956254056485207
0.642000        2.1997452744539796
0.643000        2.203867632484588
0.644000        2.2079925419370543
0.645000        2.2121199444571786
0.646000        2.2162499020819837
0.647000        2.220382356623597
0.648000        2.2245173699596084
0.649000        2.228654884068229
0.650000        2.232794960667878
0.651000        2.2369375419026056
0.652000        2.241082689331913
0.653000        2.2452303452654476
0.654000        2.249380571104048
0.655000        2.2535333093227177
0.656000        2.257688621163892
0.657000        2.261846449267683
0.658000        2.266006854718386
0.659000        2.2701697803209697
0.660000        2.2743352870018487
0.661000        2.2785033177306104
0.662000        2.282673933276044
0.663000        2.286847076772105
0.664000        2.2910228088302222
0.665000        2.295201072748471
0.666000        2.2993819289811857
0.667000        2.303565320990307
0.668000        2.307751309073339
0.669000        2.311939836855837
0.670000        2.31613096447874
0.671000        2.320324635730973
0.672000        2.324520910597169
0.673000        2.3287197330293665
0.674000        2.3329211628561666
0.675000        2.33712514419247
0.676000        2.3413317367111066
0.677000        2.345540884689587
0.678000        2.3497526476452375
0.679000        2.353966970017927
0.680000        2.3581839111697462
0.681000        2.3624034157026657
0.682000        2.3666255428238134
0.683000        2.3708502372970024
0.684000        2.3750775581746666
0.685000        2.3793074503822087
0.686000        2.383539972817637
0.687000        2.38777507056769
0.688000        2.392012802376218
0.689000        2.3962531134910403
0.690000        2.4004960625021248
0.691000        2.4047415948181072
0.692000        2.4089897688753403
0.693000        2.413240530243028
0.694000        2.4174939372041795
0.695000        2.4217499354883056
0.696000        2.4260085832253466
0.697000        2.43026982630486
0.698000        2.434533722703989
0.699000        2.438800218472082
0.700000        2.443069371433758
0.701000        2.447341127797893
0.702000        2.4516155452368587
0.703000        2.4558925701188006
0.704000        2.4601722599641143
0.705000        2.464454561299961
0.706000        2.4687395314950287
0.707000        2.4730271172352296
0.708000        2.4773173757378224
0.709000        2.481610253847217
0.710000        2.485905808629518
0.711000        2.4902039870873622
0.712000        2.4945048461359747
0.713000        2.498808332935967
0.714000        2.503114504251961
0.715000        2.5074233074022754
0.716000        2.5117347990012053
0.717000        2.5160489265245225
0.718000        2.5203657464364593
0.719000        2.5246852063699823
0.720000        2.5290073626395486
0.721000        2.5333321630350483
0.722000        2.5376596637214384
0.723000        2.5419898126452747
0.724000        2.546322665822286
0.725000        2.550658171355442
0.726000        2.5549963851115134
0.727000        2.5593372553496128
0.728000        2.5636808377878424
0.729000        2.568027080841194
0.730000        2.572376040079371
0.731000        2.5767276640729886
0.732000        2.58108200824363
0.733000        2.585439021317269
0.734000        2.589798758567639
0.735000        2.5941611688758144
0.736000        2.5985263073679636
0.737000        2.602894123079997
0.738000        2.6072646709907836
0.739000        2.6116379002908143
0.740000        2.61601386581194
0.741000        2.620392516898967
0.742000        2.6247739082370067
0.743000        2.6291579893249146
0.744000        2.63354481470134
0.745000        2.6379343340189294
0.746000        2.6423266016701437
0.747000        2.646721567461162
0.748000        2.651119285638533
0.749000        2.6555197061617015
0.750000        2.6599228831315838
0.751000        2.664328766660633
0.752000        2.6687374107044057
0.753000        2.6731487655281025
0.754000        2.677562884942194
0.755000        2.6819797193643673
0.756000        2.6863993224602893
0.757000        2.69082164479987
0.758000        2.6952467399042437
0.759000        2.6996745584952855
0.760000        2.704105153949877
0.761000        2.7085384771415946
0.762000        2.7129745813033406
0.763000        2.7174134174601345
0.764000        2.721855038701177
0.765000        2.726299396202668
0.766000        2.7307465429103797
0.767000        2.7351964301514364
0.768000        2.7396491107284593
0.769000        2.744104536119231
0.770000        2.7485627589834962
0.771000        2.753023730949444
0.772000        2.757487504534213
0.773000        2.7619540315161366
0.774000        2.766423364270027
0.775000        2.7708954547240996
0.776000        2.775370355111118
0.777000        2.7798480175089146
0.778000        2.7843284940084825
0.779000        2.788811736837019
0.780000        2.7932977979440086
0.781000        2.7977866297057563
0.782000        2.8022782839305247
0.783000        2.8067727131434577
0.784000        2.8112699690118657
0.785000        2.8157700042094866
0.786000        2.820272870262947
0.787000        2.8247785199943127
0.788000        2.8292870047898067
0.789000        2.8337982776195663
0.790000        2.8383123897296834
0.791000        2.8428292942381077
0.792000        2.847349042251075
0.793000        2.8518715870340863
0.794000        2.8563969795537965
0.795000        2.8609251732230057
0.796000        2.8654562188690544
0.797000        2.8699900700517844
0.798000        2.874526777459499
0.799000        2.8790662947988235
0.800000        2.883608672619294
0.801000        2.8881538647740648
0.802000        2.892701921674176
0.803000        2.8972527973190516
0.804000        2.9018065419815144
0.805000        2.9063631098070033
0.806000        2.9109225509303904
0.807000        2.9154848196428755
0.808000        2.920049965941649
0.809000        2.9246179442634155
0.810000        2.9291888044679606
0.811000        2.933762501137233
0.812000        2.9383390839938883
0.813000        2.9429185077648707
0.814000        2.9475008220359644
0.815000        2.9520859816788523
0.816000        2.9566740361427293
0.817000        2.961264940443762
0.818000        2.9658587438948203
0.819000        2.9704554016563023
0.820000        2.9750549629050234
0.821000        2.9796573829453585
0.822000        2.984262710818342
0.823000        2.9888709019720654
0.824000        2.9934820053120585
0.825000        2.998095976429875
0.826000        3.002712864095802
0.827000        3.0073326240446114
0.828000        3.0119553049116146
0.829000        3.01658086257455
0.830000        3.021209345534018
0.831000        3.0258407098104687
0.832000        3.0304750037700696
0.833000        3.035112183575727
0.834000        3.03975229745944
0.835000        3.0443953017263237
0.836000        3.049041244474477
0.837000        3.0536900821509647
0.838000        3.0583418627202565
0.839000        3.062996542771124
0.840000        3.067654170134672
0.841000        3.0723147015411225
0.842000        3.07697818468848
0.843000        3.0816445764481752
0.844000        3.086313924385381
0.845000        3.0909861855124774
0.846000        3.0956614072620763
0.847000        3.100339546787259
0.848000        3.1050206513883403
0.849000        3.1097046783588542
0.850000        3.114391674867086
0.851000        3.119081598346769
0.852000        3.123774495834427
0.853000        3.128470324903745
0.854000        3.1331691324597486
0.855000        3.13787087621583
0.856000        3.142575602945781
0.857000        3.147283270502447
0.858000        3.1519939255286538
0.859000        3.156707526016456
0.860000        3.1614241184779726
0.861000        3.166143661044222
0.862000        3.1708662000968832
0.863000        3.175591693905689
0.864000        3.18032018872214
0.865000        3.185051642954436
0.866000        3.189786102724172
0.867000        3.194523526577763
0.868000        3.199263960507155
0.869000        3.2040073631967374
0.870000        3.208753780509074
0.871000        3.2135031712662805
0.872000        3.2182555812017988
0.873000        3.2230109692752222
0.874000        3.227769381091141
0.875000        3.2325307757463833
0.876000        3.2372951987169394
0.877000        3.242062609236628
0.878000        3.246833052653111
0.879000        3.2516064883369467
0.880000        3.2563829615077307
0.881000        3.2611624316725187
0.882000        3.2659449439230954
0.883000        3.270730457902774
0.884000        3.2755190185757925
0.885000        3.2803105857214767
0.886000        3.2851052041767783
0.887000        3.2899028338567895
0.888000        3.2947035194714367
0.889000        3.299507221071334
0.890000        3.3043139832396484
0.891000        3.3091237661622728
0.892000        3.3139366142958693
0.893000        3.318752487961371
0.894000        3.3235714314891958
0.895000        3.3283934053350706
0.896000        3.333218453703431
0.897000        3.3380465371845585
0.898000        3.342877699857164
0.899000        3.3477119024458357
0.900000        3.3525491889038275
0.901000        3.357389520089791
0.902000        3.3622329398317774
0.903000        3.367079409122267
0.904000        3.371928971664362
0.905000        3.376781588584132
0.906000        3.3816373034599927
0.907000        3.3864960775513584
0.908000        3.3913579543122125
0.909000        3.3962228951350752
0.910000        3.4010909433497662
0.911000        3.405962060481663
0.912000        3.4108362897366717
0.913000        3.4157135927728017
0.914000        3.420594012672302
0.915000        3.425477511225562
0.916000        3.4303641313914373
0.917000        3.4352538350924586
0.918000        3.440146665164347
0.919000        3.4450425836615395
0.920000        3.4499416332968718
0.921000        3.454843776256446
0.922000        3.459749055130473
0.923000        3.4646574322364856
0.924000        3.4695689500423246
0.925000        3.474483570996707
0.926000        3.479401337445367
0.927000        3.4843222119679744
0.928000        3.4892462367884
0.929000        3.4941733746170325
0.930000        3.499103667556138
0.931000        3.504037078446583
0.932000        3.50897364926929
0.933000        3.513913342995364
0.934000        3.5188562014846347
0.935000        3.5238021878382124
0.936000        3.528751343795088
0.937000        3.5337036325861355
0.938000        3.5386590958297734
0.939000        3.5436176968863986
0.940000        3.548579477254105
0.941000        3.553544400422581
0.942000        3.5585125077698514
0.943000        3.5634837629146645
0.944000        3.5684582071152207
0.945000        3.573435804119095
0.946000        3.5784165950649207
0.947000        3.5834005438288585
0.948000        3.5883876914302366
0.949000        3.593378001873564
0.950000        3.598371516059112
0.951000        3.603368198119508
0.952000        3.6083680888362153
0.953000        3.613371152469746
0.954000        3.618377429683017
0.955000        3.623386884864182
0.956000        3.628399558557863
0.957000        3.633415415279625
0.958000        3.638434495456046
0.959000        3.6434567637298763
0.960000        3.648482260409894
0.961000        3.6535109502657956
0.962000        3.6585428734888232
0.963000        3.663577994975384
0.964000        3.6686163547994326
0.965000        3.6736579179838547
0.966000        3.678702724485566
0.967000        3.6837507394537017
0.968000        3.6888020027283925
0.969000        3.693856479584788
0.970000        3.6989142097464853
0.971000        3.7039751586144156
0.972000        3.709039365795892
0.973000        3.7141067968173953
0.974000        3.7191774911702087
0.975000        3.7242514145061314
0.976000        3.7293286062006636
0.977000        3.734409032030694
0.978000        3.739492731256192
0.979000        3.7445796697788953
0.980000        3.749669886743499
0.981000        3.754763348176361
0.982000        3.75986009310715
0.983000        3.7649600876866156
0.984000        3.7700633708296483
0.985000        3.775169908811156
0.986000        3.7802797404314994
0.987000        3.7853928320895207
0.988000        3.7905092224712966
0.989000        3.795628878099375
0.990000        3.8007518375458016
0.991000        3.8058780674565877
0.992000        3.8110076062900067
0.993000        3.816140420815307
0.994000        3.8212765493772274
0.995000        3.826415958868033
0.996000        3.831558687519177
0.997000        3.8367047023457044
0.998000        3.8418540414660356
0.999000        3.847006672017768
1.000000        3.8521626320065376
1.001000        3.857321888692262
1.002000        3.8624844799680407
1.003000        3.867650373215888
1.004000        3.872819606216611
1.005000        3.877992146474094
1.006000        3.883168031657105
1.007000        3.8883472293911545
1.008000        3.8935297772332245
1.009000        3.898715642930238
1.010000        3.9039048639276306
1.011000        3.9090974080935066
1.012000        3.914293312762002
1.013000        3.9194925459221697
1.014000        3.924695144797102
1.015000        3.929901077496579
1.016000        3.935110381132885
1.017000        3.9403230239363047
1.018000        3.945539042908562
1.019000        3.9507584064002117
1.020000        3.955981151302673
1.021000        3.9612072460865395
1.022000        3.966436727533175
1.023000        3.971669564232988
1.024000        3.9769057928575258
1.025000        3.982145382116787
1.026000        3.987388368572754
1.027000        3.992634721054783
1.028000        3.9978844760155408
1.029000        4.003137602403518
1.030000        4.008394136562304
1.031000        4.013654047559305
1.032000        4.01891737162928
1.033000        4.024184077958321
1.034000        4.0294542026726
1.035000        4.034727715076668
1.036000        4.040004651188369
1.037000        4.045284980430479
1.038000        4.050568738712752
1.039000        4.05585589557597
1.040000        4.061146486822045
1.041000        4.0664404821095435
1.042000        4.071737917132772
1.043000        4.077038761667858
1.044000        4.082343051301752
1.045000        4.087650755927916
1.046000        4.092961911026189
1.047000        4.098276486607142
1.048000        4.103594518043749
1.049000        4.108915975463466
1.050000        4.114240894132642
1.051000        4.119569244295395
1.052000        4.124901061111702
1.053000        4.130236314942113
1.054000        4.1355750408404806
1.055000        4.1409172092835576
1.056000        4.146262855219311
1.057000        4.151611949240483
1.058000        4.156964526189402
1.059000        4.1623205567745725
1.060000        4.167680075732921
1.061000        4.173043053888497
1.062000        4.178409525873079
1.063000        4.1837794626260205
1.064000        4.189152898674196
1.065000        4.1945298050720545
1.066000        4.199910216241806
1.067000        4.205294103352767
1.068000        4.210681500722728
1.069000        4.216072379635653
1.070000        4.221466774305153
1.071000        4.226864656129619
1.072000        4.232266059218727
1.073000        4.23767095508507
1.074000        4.243079377734636
1.075000        4.24849129879399
1.076000        4.253906752165678
1.077000        4.259325709590026
1.078000        4.264748204866375
1.079000        4.27017420984858
1.080000        4.275603758233023
1.081000        4.281036821986877
1.082000        4.2864734347038045
1.083000        4.291913568464064
1.084000        4.297357256758852
1.085000        4.30280447178129
1.086000        4.308255246920346
1.087000        4.313709554481791
1.088000        4.319167427752598
1.089000        4.32462883915097
1.090000        4.33009382186213
1.091000        4.335562348416488
1.092000        4.341034451897766
1.093000        4.3465101049483525
1.094000        4.351989340550713
1.095000        4.357472131458994
1.096000        4.362958510554648
1.097000        4.36844845070336
1.098000        4.373941984685805
1.099000        4.379439085478989
1.100000        4.384939785763059
1.101000        4.390444058626111
1.102000        4.395951936648007
1.103000        4.401463393027722
1.104000        4.406978460245069
1.105000        4.41249711160968
1.106000        4.41801937950156
1.107000        4.423545237340784
1.108000        4.4290747174077865
1.109000        4.434607793232859
1.110000        4.440144496997119
1.111000        4.445684802340855
1.112000        4.451228741346098
1.113000        4.456776287762919
1.114000        4.462327473574506
1.115000        4.467882272640487
1.116000        4.473440716845458
1.117000        4.479002780158384
1.118000        4.484568494365501
1.119000        4.4901378335448925
1.120000        4.495710829384681
1.121000        4.50128745607185
1.122000        4.506867745196647
1.123000        4.512451671054734
1.124000        4.518039265138729
1.125000        4.523630501852756
1.126000        4.5292254125920355
1.127000        4.534823971868937
1.128000        4.540426210981533
1.129000        4.546032104550214
1.130000        4.551641683776138
1.131000        4.557254923387507
1.132000        4.562871854488808
1.133000        4.568492451915825
1.134000        4.574116746676625
1.135000        4.579744713714353
1.136000        4.585376383940886
1.137000        4.5910117324065265
1.138000        4.5966507899271996
1.139000        4.602293531660139
1.140000        4.607939988325564
1.141000        4.6135901351874224
1.142000        4.619244002870465
1.143000        4.624901566745134
1.144000        4.630562857340955
1.145000        4.636227850134649
1.146000        4.641896575560754
1.147000        4.647569009202057
1.148000        4.6532451813983435
1.149000        4.65892506783824
1.150000        4.6646086987670365
1.151000        4.670296049978974
1.152000        4.6759871516250815
1.153000        4.681681979605013
1.154000        4.6873805639757595
1.155000        4.6930828807421765
1.156000        4.698788959867464
1.157000        4.704498777461449
1.158000        4.710212363393788
1.159000        4.715929693879067
1.160000        4.7216507986936325
1.161000        4.7273756541566065
1.162000        4.7331042899512745
1.163000        4.738836682501079
1.164000        4.744572861396479
1.165000        4.7503128031650235
1.166000        4.756056537304579
1.167000        4.761804040446592
1.168000        4.767555341996577
1.169000        4.773310418689647
1.170000        4.779069299839215
1.171000        4.784831962283853
1.172000        4.790598435245101
1.173000        4.7963686956647695
1.174000        4.802142772672767
1.175000        4.807920643313935
1.176000        4.813702336626786
1.177000        4.819487829758971
1.178000        4.825277151657852
1.179000        4.8310702795736695
1.180000        4.836867242362871
1.181000        4.842668017378079
1.182000        4.848472633385068
1.183000        4.85428106783862
1.184000        4.860093349414068
1.185000        4.865909455668147
1.186000        4.8717294151859925
1.187000        4.877553205626066
1.188000        4.883380855483546
1.189000        4.889212342518414
1.190000        4.895047695136128
1.191000        4.900886891197969
1.192000        4.906729959019907
1.193000        4.912576876564319
1.194000        4.918427672057932
1.195000        4.924282323563988
1.196000        4.930140859220208
1.197000        4.936003257190496
1.198000        4.941869545523808
1.199000        4.947739702484485
1.200000        4.953613756032954
1.201000        4.959491684533786
1.202000        4.965373515859119
1.203000        4.971259228473537
1.204000        4.977148850161123
1.205000        4.983042359486264
1.206000        4.988939784145229
1.207000        4.994841102801981
1.208000        5.000746343065218
1.209000        5.006655483698282
1.210000        5.012568552222525
1.211000        5.018485527500445
1.212000        5.024406436966293
1.213000        5.030331259581516
1.214000        5.036260022693499
1.215000        5.042192705362416
1.216000        5.048129334849028
1.217000        5.054069890312027
1.218000        5.060014398925787
1.219000        5.065962839947298
1.220000        5.071915240464788
1.221000        5.077871579833333
1.222000        5.08383188505525
1.223000        5.089796135583494
1.224000        5.095764358334703
1.225000        5.101736532859496
1.226000        5.107712685989068
1.227000        5.113692797371495
1.228000        5.119676893752773
1.229000        5.125664954878209
1.230000        5.131657007408835
1.231000        5.137653031186986
1.232000        5.143653052788963
1.233000        5.149657052153916
1.234000        5.155665055773662
1.235000        5.1616770436839445
1.236000        5.167693042292322
1.237000        5.173713031730934
1.238000        5.179737038323317
1.239000        5.185765042297788
1.240000        5.191797069894111
1.241000        5.197833101436556
1.242000        5.203873163081342
1.243000        5.209917235248501
1.244000        5.2159653440109395
1.245000        5.2220174698842285
1.246000        5.228073638858204
1.247000        5.234133831543769
1.248000        5.240198073847925
1.249000        5.246266346476684
1.250000        5.2523386752544585
1.251000        5.258415040982165
1.252000        5.264495469401849
1.253000        5.270579941409123
1.254000        5.27666848266391
1.255000        5.282761074156303
1.256000        5.288857741464335
1.257000        5.294958465672373
1.258000        5.301063272276794
1.259000        5.307172142456027
1.260000        5.313285101625032
1.261000        5.319402131056089
1.262000        5.325523256082974
1.263000        5.331648458071607
1.264000        5.337777762274818
1.265000        5.343911150151959
1.266000        5.350048646875148
1.267000        5.35619023399695
1.268000        5.362335936609014
1.269000        5.368485736356913
1.270000        5.374639658252056
1.271000        5.38079768403281
1.272000        5.386959838630586
1.273000        5.393126103876339
1.274000        5.399296504621713
1.275000        5.40547102279003
1.276000        5.41164968315341
1.277000        5.4178324677273455
1.278000        5.424019401204649
1.279000        5.430210465692783
1.280000        5.436405685805491
1.281000        5.442605043741981
1.282000        5.448808564037176
1.283000        5.455016228981819
1.284000        5.461228063032237
1.285000        5.46744404857051
1.286000        5.47366420997461
1.287000        5.47988852971773
1.288000        5.48611703209972
1.289000        5.4923496996846914
1.290000        5.4985865566945975
1.291000        5.5048275857842555
1.292000        5.511072811097968
1.293000        5.517322215381043
1.294000        5.5235758227003675
1.295000        5.5298336158915316
1.296000        5.536095618944243
1.297000        5.542361814784165
1.298000        5.548632227324054
1.299000        5.554906839579443
1.300000        5.561185675386371
1.301000        5.567468717850035
1.302000        5.5737559907299925
1.303000        5.580047477220889
1.304000        5.586343201006036
1.305000        5.592643145369324
1.306000        5.598947333918048
1.307000        5.60525575002514
1.308000        5.611568417222113
1.309000        5.617885318970728
1.310000        5.624206478726952
1.311000        5.630531880041168
1.312000        5.63686154629403
1.313000        5.643195461124339
1.314000        5.649533647837659
1.315000        5.655876090161007
1.316000        5.662222811325105
1.317000        5.668573795144962
1.318000        5.674929064776691
1.319000        5.681288604123097
1.320000        5.687652436265909
1.321000        5.694020545195521
1.322000        5.700392953919517
1.323000        5.7067696465156725
1.324000        5.713150645917654
1.325000        5.719535936290415
1.326000        5.7259255404939395
1.327000        5.732319442780149
1.328000        5.738717665935585
1.329000        5.745120194298924
1.330000        5.751527050583494
1.331000        5.7579382192145285
1.332000        5.764353722832375
1.333000        5.7707735459486145
1.334000        5.777197711130846
1.335000        5.783626202976794
1.336000        5.79005904398154
1.337000        5.79649621882875
1.338000        5.802937749941215
1.339000        5.809383622088344
1.340000        5.81583385762087
1.341000        5.822288441393724
1.342000        5.828747395685824
1.343000        5.835210705437426
1.344000        5.841678392855858
1.345000        5.848150442966498
1.346000        5.854626877905311
1.347000        5.86110768278259
1.348000        5.867592879663174
1.349000        5.874082453742071
1.350000        5.880576427013223
1.351000        5.887074784756139
1.352000        5.893577548894102
1.353000        5.900084704790924
1.354000        5.906596274299458
1.355000        5.913112242867607
1.356000        5.9196326322780255
1.357000        5.926157428062515
1.358000        5.932686651933759
1.359000        5.939220289507247
1.360000        5.945758362425925
1.361000        5.952300856388767
1.362000        5.9588477929692125
1.363000        5.965399157949523
1.364000        5.971954972833855
1.365000        5.978515223487555
1.366000        5.985079931345734
1.367000        5.991649082356611
1.368000        5.998222697886485
1.369000        6.004800763966248
1.370000        6.011383301893613
1.371000        6.017970297781947
1.372000        6.024561772860597
1.373000        6.031157713325214
1.374000        6.037758140337019
1.375000        6.044363040173721
1.376000        6.050972433928646
1.377000        6.0575863079613725
1.378000        6.064204683297568
1.379000        6.070827546378457
1.380000        6.077454918162285
1.381000        6.084086785171738
1.382000        6.0907231682978455
1.383000        6.097364054144563
1.384000        6.104009463535942
1.385000        6.110659383156992
1.386000        6.117313833765017
1.387000        6.123972802125888
1.388000        6.130636308930388
1.389000        6.137304341025047
1.390000        6.143976919034358
1.391000        6.150654029885306
1.392000        6.1573356941363215
1.393000        6.164021898794648
1.394000        6.170712664352884
1.395000        6.177407977898326
1.396000        6.184107859857971
1.397000        6.1908122973989705
1.398000        6.197521310882944
1.399000        6.204234887556698
1.400000        6.210953047716707
1.401000        6.21767577868923
1.402000        6.224403100705825
1.403000        6.23113500117201
1.404000        6.237871500254645
1.405000        6.244612585438304
1.406000        6.251358276825393
1.407000        6.258108561979338
1.408000        6.264863460938308
1.409000        6.271622961344388
1.410000        6.2783870831717365
1.411000        6.2851558141409
1.412000        6.291929174162256
1.413000        6.298707151034616
1.414000        6.3054897646048005
1.415000        6.312277002749681
1.416000        6.319068885252758
1.417000        6.325865400068757
1.418000        6.332666566918082
1.419000        6.339472373833129
1.420000        6.346282840471428
1.421000        6.35309795494285
1.422000        6.35991773684227
1.423000        6.366742174356826
1.424000        6.373571287018979
1.425000        6.38040506309294
1.426000        6.387243522048976
1.427000        6.394086652228175
1.428000        6.400934473038834
1.429000        6.407786972898723
1.430000        6.4146441711544
1.431000        6.421506056300114
1.432000        6.428372647620904
1.433000        6.435243933687303
1.434000        6.442119933723074
1.435000        6.44900063637483
1.436000        6.455886060805266
1.437000        6.462776195736893
1.438000        6.4696710602715655
1.439000        6.4765706432074985
1.440000        6.48347496358592
1.441000        6.49038401028055
1.442000        6.497297802272236
1.443000        6.504216328509997
1.444000        6.511139607914519
1.445000        6.5180676295099325
1.446000        6.525000412156977
1.447000        6.531937944954706
1.448000        6.538880246704139
1.449000        6.545827306579053
1.450000        6.552779143320983
1.451000        6.559735746178223
1.452000        6.566697133833038
1.453000        6.573663295608064
1.454000        6.580634250126522
1.455000        6.587609986785182
1.456000        6.5945905241484475
1.457000        6.601575851687031
1.458000        6.608565987906736
1.459000        6.6155609223520315
1.460000        6.62256067347035
1.461000        6.629565230879717
1.462000        6.636574612969412
1.463000        6.643588809430824
1.464000        6.65060783859531
1.465000        6.657631690227426
1.466000        6.664660382600832
1.467000        6.671693905553056
1.468000        6.6787322773002735
1.469000        6.685775487752807
1.470000        6.692823555069573
1.471000        6.699876469233484
1.472000        6.706934248346418
1.473000        6.713996882463686
1.474000        6.72106438963036
1.475000        6.728136759973964
1.476000        6.735214011482967
1.477000        6.742296134356913
1.478000        6.749383146527904
1.479000        6.7564750382673076
1.480000        6.763571827451081
1.481000        6.77067350442222
1.482000        6.777780087000757
1.483000        6.784891565601139
1.484000        6.7920079579876855
1.485000        6.799129254646093
1.486000        6.806255473285201
1.487000        6.813386604461773
1.488000        6.820522665829376
1.489000        6.827663648015655
1.490000        6.834809568619129
1.491000        6.841960418338118
1.492000        6.849116214716325
1.493000        6.8562769485225665
1.494000        6.863442637245939
1.495000        6.8706132717255635
1.496000        6.877788869396145
1.497000        6.884969421166929
1.498000        6.892154944418458
1.499000        6.899345430129898
1.500000        6.906540895627842
1.501000        6.9137413319612016
1.502000        6.9209467564028415
1.503000        6.928157160071226
1.504000        6.935372560185709
1.505000        6.94259294793412
1.506000        6.949818340482523
1.507000        6.957048729087923
1.508000        6.964284130863309
1.509000        6.971524537134677
1.510000        6.978769964962165
1.511000        6.986020405740565
1.512000        6.993275876477387
1.513000        7.000536368636034
1.514000        7.0078018991715965
1.515000        7.015072459615908
1.516000        7.022348066871864
1.517000        7.02962871253953
1.518000        7.03691441346982
1.519000        7.044205161330861
1.520000        7.051500972921801
1.521000        7.058801839978631
1.522000        7.066107779248952
1.523000        7.0734187825364465
1.524000        7.080734866537377
1.525000        7.088056023122924
1.526000        7.095382268938245
1.527000        7.102713595921827
1.528000        7.11005002066792
1.529000        7.117391535182151
1.530000        7.1247381560080925
1.531000        7.132089875218302
1.532000        7.1394467093058935
1.533000        7.146808650410186
1.534000        7.154175714974034
1.535000        7.161547895203341
1.536000        7.168925207490929
1.537000        7.17630764410908
1.538000        7.1836952214008
1.539000        7.191087931704594
1.540000        7.19848579131385
1.541000        7.205888792633097
1.542000        7.213296951906344
1.543000        7.220710261603955
1.544000        7.228128737920759
1.545000        7.235552373392789
1.546000        7.242981184165902
1.547000        7.25041516284162
1.548000        7.257854325517048
1.549000        7.2652986648589994
1.550000        7.272748196916059
1.551000        7.280202914420141
1.552000        7.287662833371513
1.553000        7.295127946567025
1.554000        7.302598269958832
1.555000        7.310073796408535
1.556000        7.317554541820403
1.557000        7.3250404991206075
1.558000        7.332531684165737
1.559000        7.3400280899463475
1.560000        7.34752973227155
1.561000        7.35503660419613
1.562000        7.362548721481932
1.563000        7.37006607724777
1.564000        7.377588687208451
1.565000        7.385116544546634
1.566000        7.392649664930293
1.567000        7.400188041605759
1.568000        7.407731690194385
1.569000        7.415280604006
1.570000        7.422834798615543
1.571000        7.430394267396149
1.572000        7.4379590258765695
1.573000        7.445529067493073
1.574000        7.453104407728414
1.575000        7.460685040081827
1.576000        7.468270979990283
1.577000        7.475862221015799
1.578000        7.483458778549778
1.579000        7.491060646216837
1.580000        7.498667839363023
1.581000        7.506280351675379
1.582000        7.5138981984548
1.583000        7.521521373450572
1.584000        7.529149891918671
1.585000        7.536783747670441
1.586000        7.544422955917117
1.587000        7.5520675105319555
1.588000        7.559717426681669
1.589000        7.567372698301227
1.590000        7.575033340513031
1.591000        7.582699347313596
1.592000        7.590370733781217
1.593000        7.59804749397378
1.594000        7.605729642925681
1.595000        7.613417174756002
1.596000        7.6211101044554574
1.597000        7.628808426204138
1.598000        7.636512154949276
1.599000        7.64422128493181
1.600000        7.651935831055699
1.601000        7.659655787622555
1.602000        7.667381169493272
1.603000        7.675111971029953
1.604000        7.6828482070506325
1.605000        7.690589871977739
1.606000        7.698336980586653
1.607000        7.7060895273599535
1.608000        7.71384752703057
1.609000        7.721610974141065
1.610000        7.729379883382123
1.611000        7.737154249356113
1.612000        7.744934086711687
1.613000        7.752719390110837
1.614000        7.760510174160391
1.615000        7.768306433581806
1.616000        7.776108182940277
1.617000        7.783915417016551
1.618000        7.791728150334407
1.619000        7.799546377733709
1.620000        7.807370113697019
1.621000        7.815199353123152
1.622000        7.823034110453651
1.623000        7.830874380646108
1.624000        7.838720178101269
1.625000        7.8465714978353205
1.626000        7.854428354208409
1.627000        7.8622907422951585
1.628000        7.870158676415315
1.629000        7.878032151701774
1.630000        7.885911182434075
1.631000        7.893795763803208
1.632000        7.90168591004873
1.633000        7.909581616419562
1.634000        7.917482897115448
1.635000        7.925389747443084
1.636000        7.9333021815626275
1.637000        7.941220194838362
1.638000        7.9491438013910525
1.639000        7.95707299664241
1.640000        7.965007794674019
1.641000        7.972948190964839
1.642000        7.980894199557472
1.643000        7.988845815987965
1.644000        7.996803054260141
1.645000        8.004765909966967
1.646000        8.012734397073675
1.647000        8.020708511230005
1.648000        8.028688266362796
1.649000        8.036673658178366
1.650000        8.044664700565388
1.651000        8.052661389286605
1.652000        8.06066373819269
1.653000        8.068671743102666
1.654000        8.076685417829406
1.655000        8.084704758248026
1.656000        8.092729778133833
1.657000        8.100760473417854
1.658000        8.10879685783802
1.659000        8.11683892738111
1.660000        8.124886695747875
1.661000        8.132940158980706
1.662000        8.140999330743352
1.663000        8.149064207133637
1.664000        8.157134801778522
1.665000        8.165211110831113
1.666000        8.173293147881768
1.667000        8.181380909138714
1.668000        8.189474408155906
1.669000        8.197573641196513
1.670000        8.205678621778297
1.671000        8.213789346219212
1.672000        8.221905828001017
1.673000        8.230028063496288
1.674000        8.238156066150985
1.675000        8.24628983239214
1.676000        8.2544293756301
1.677000        8.262574692346195
1.678000        8.270725795915371
1.679000        8.278882682873093
1.680000        8.287045366559077
1.681000        8.295213843562781
1.682000        8.303388127188892
1.683000        8.31156821408069
1.684000        8.319754117508026
1.685000        8.327945834167835
1.686000        8.336143377295354
1.687000        8.344346743640994
1.688000        8.352555946405566
1.689000        8.360770982392822
1.690000        8.368991864769313
1.691000        8.377218590391987
1.692000        8.385451172393346
1.693000        8.393689607683338
1.694000        8.401933909360622
1.695000        8.410184074388017
1.696000        8.418440115830506
1.697000        8.42670203070361
1.698000        8.434969832038846
1.699000        8.443243516904282
1.700000        8.45152309829816
1.701000        8.459808573340933
1.702000        8.46809995499775
1.703000        8.476397240441312
1.704000        8.484700442603863
1.705000        8.493009558710177
1.706000        8.501324601659807
1.707000        8.509645568729436
1.708000        8.51797247278612
1.709000        8.526305311158293
1.710000        8.534644096680683
1.711000        8.54298882673335
1.712000        8.551339514118887
1.713000        8.559696156268796
1.714000        8.568058765953747
1.715000        8.576427340656533
1.716000        8.584801893116072
1.717000        8.593182420866302
1.718000        8.601568936614587
1.719000        8.609961437945852
1.720000        8.618359937536084
1.721000        8.626764433021037
1.722000        8.63517493704554
1.723000        8.643591447296028
1.724000        8.652013976386318
1.725000        8.660442522053383
1.726000        8.66887709688023
1.727000        8.677317698654225
1.728000        8.685764339927754
1.729000        8.694217018538392
1.730000        8.702675747008112
1.731000        8.711140523224557
1.732000        8.719611359679462
1.733000        8.728088254310379
1.734000        8.736571219579002
1.735000        8.745060253472655
1.736000        8.753555368423157
1.737000        8.76205656246745
1.738000        8.77056384800768
1.739000        8.779077223130248
1.740000        8.787596700207814
1.741000        8.796122277376089
1.742000        8.804653966978428
1.743000        8.813191767199712
1.744000        8.821735690354174
1.745000        8.830285734675709
1.746000        8.83884191244962
1.747000        8.847404221958659
1.748000        8.855972675459387
1.749000        8.864547271283271
1.750000        8.873128021658307
1.751000        8.881714924964523
1.752000        8.890307993401557
1.753000        8.898907225397839
1.754000        8.90751263312481
1.755000        8.916124215059178
1.756000        8.92474198334438
1.757000        8.93336593650523
1.758000        8.941996086657344
1.759000        8.950632432373517
1.760000        8.959274985741722
1.761000        8.967923745382574
1.762000        8.976578723356592
1.763000        8.985239918332066
1.764000        8.993907342342254
1.765000        9.00258099410296
1.766000        9.011260885620356
1.767000        9.019947015657625
1.768000        9.028639396194045
1.769000        9.037338026040032
1.770000        9.046042917148139
1.771000        9.054754068375864
1.772000        9.063471491649228
1.773000        9.072195185872673
1.774000        9.080925162945853
1.775000        9.089661421820008
1.776000        9.098403974368622
1.777000        9.107152819589587
1.778000        9.115907969330394
1.779000        9.124669422635428
1.780000        9.133437191326383
1.781000        9.142211274493992
1.782000        9.150991683934325
1.783000        9.159778418784327
1.784000        9.168571490814625
1.785000        9.177370899208235
1.786000        9.186176655710508
1.787000        9.194988759550387
1.788000        9.203807222448141
1.789000        9.212632043678479
1.790000        9.221463234936788
1.791000        9.230300795543403
1.792000        9.239144737168992
1.793000        9.247995059179367
1.794000        9.25685177322066
1.795000        9.265714878704024
1.796000        9.274584387251245
1.797000        9.283460298318673
1.798000        9.292342623503906
1.799000        9.301231362308354
1.800000        9.310126526305623
1.801000        9.31902811504202
1.802000        9.327936140067354
1.803000        9.336850600972685
1.804000        9.34577150928419
1.805000        9.354698864637552
1.806000        9.363632678535492
1.807000        9.37257295065817
1.808000        9.38151969248505
1.809000        9.390472903740601
1.810000        9.399432595881212
1.811000        9.408398768675529
1.812000        9.41737143355704
1.813000        9.426350590338433
1.814000        9.435336250430467
1.815000        9.444328413689728
1.816000        9.45332709150443
1.817000        9.462332283774906
1.818000        9.471344001867024
1.819000        9.480362245724702
1.820000        9.489387026691645
1.821000        9.498418344755219
1.822000        9.507456211237145
1.823000        9.516500626168092
1.824000        9.525551600847972
1.825000        9.534609135350621
1.826000        9.543673240954327
1.827000        9.552743917775928
1.828000        9.561821177072293
1.829000        9.570905019003106
1.830000        9.579995454804003
1.831000        9.589092484677366
1.832000        9.598196119837773
1.833000        9.607306360530174
1.834000        9.616423217948263
1.835000        9.625546692379412
1.836000        9.634676794996626
1.837000        9.64381352612952
1.838000        9.652956896930625
1.839000        9.662106907771648
1.840000        9.67126356978483
1.841000        9.680426883383813
1.842000        9.68959685968073
1.843000        9.698773499131018
1.844000        9.707956812826893
1.845000        9.717146801265429
1.846000        9.726343475519123
1.847000        9.73554683612651
1.848000        9.744756894140579
1.849000        9.753973650141173
1.850000        9.763197115161969
1.851000        9.772427289823934
1.852000        9.781664185141643
1.853000        9.790907801777049
1.854000        9.80015815072581
1.855000        9.809415232690675
1.856000        9.818679058648613
1.857000        9.827949629343006
1.858000        9.837226955732334
1.859000        9.846511038600429
1.860000        9.855801888887513
1.861000        9.865099507417685
1.862000        9.874403905113116
1.863000        9.883715082837991
1.864000        9.893033051496662
1.865000        9.902357811993209
1.866000        9.91168937521439
1.867000        9.921027742103995
1.868000        9.930372923531408
1.869000        9.939724920479925
1.870000        9.949083743801822
1.871000        9.958449394519675
1.872000        9.9678218834689
1.873000        9.977201211711158
1.874000        9.986587390065242
1.875000        9.99598041963166
1.876000        10.005380311212871
1.877000        10.014787065948003
1.878000        10.024200694623445
1.879000        10.0336211984167
1.880000        10.043048588098369
1.881000        10.052482864884087
1.882000        10.06192403952896
1.883000        10.07137211328649
1.884000        10.080827096896599
1.885000        10.090288991650358
1.886000        10.099757808272841
1.887000        10.109233548092408
1.888000        10.118716221819632
1.889000        10.128205830819812
1.890000        10.137702385789396
1.891000        10.147205888130308
1.892000        10.15671634852523
1.893000        10.166233768412354
1.894000        10.175758158461019
1.895000        10.185289520145293
1.896000        10.194827864121613
1.897000        10.204373191899496
1.898000        10.213925514122955
1.899000        10.223484832336506
1.900000        10.233051157172245
1.901000        10.242624490209195
1.902000        10.252204842068078
1.903000        10.261792214361897
1.904000        10.271386617700603
1.905000        10.280988053730589
1.906000        10.290596533051676
1.907000        10.30021205734301
1.908000        10.309834637194992
1.909000        10.319464274318811
1.910000        10.32910097929625
1.911000        10.33874475386974
1.912000        10.348395608613309
1.913000        10.35805354529975
1.914000        10.367718574496305
1.915000        10.377390698005168
1.916000        10.387069926387849
1.917000        10.396756261474845
1.918000        10.406449713823136
1.919000        10.416150285290293
1.920000        10.425857986430106
1.921000        10.435572819125838
1.922000        10.445294793929605
1.923000        10.455023912748782
1.924000        10.464760186135525
1.925000        10.474503616019547
1.926000        10.48425421295497
1.927000        10.494011978891812
1.928000        10.503776924388372
1.929000        10.513549051412664
1.930000        10.52332837052968
1.931000        10.53311488372276
1.932000        10.542908601566491
1.933000        10.552709526056468
1.934000        10.562517667780202
1.935000        10.572333028742012
1.936000        10.582155619546164
1.937000        10.591985442201615
1.938000        10.601822507333836
1.939000        10.61166681695165
1.940000        10.621518381706924
1.941000        10.631377203602788
1.942000        10.64124329332354
1.943000        10.651116652860157
1.944000        10.660997292936386
1.945000        10.670885215523448
1.946000        10.680780431392861
1.947000        10.690682942487118
1.948000        10.700592759635235
1.949000        10.71050988474046
1.950000        10.720434328700811
1.951000        10.73036609336781
1.952000        10.740305189722097
1.953000        10.750251619548646
1.954000        10.760205393926931
1.955000        10.77016651455774
1.956000        10.780134992638665
1.957000        10.790110829765268
1.958000        10.800094037276338
1.959000        10.810084616636988
1.960000        10.820082579354843
1.961000        10.830087926734304
1.962000        10.840100670485093
1.963000        10.850120811714419
1.964000        10.860148362374222
1.965000        10.87018332333043
1.966000        10.880225706825783
1.967000        10.890275513431448
1.968000        10.90033275573991
1.969000        10.910397433962629
1.970000        10.920469561113602
1.971000        10.930549136965315
1.972000        10.940636175040936
1.973000        10.95073067457701
1.974000        10.960832649713304
1.975000        10.970942099031426
1.976000        10.981059037419747
1.977000        10.991183462658455
1.978000        11.001315390547305
1.979000        11.011454817884108
1.980000        11.021601761581355
1.981000        11.031756217230345
1.982000        11.041918203106128
1.983000        11.052087713314876
1.984000        11.062264767805232
1.985000        11.072449358850832
1.986000        11.082641508462334
1.987000        11.09284120664627
1.988000        11.103048477961998
1.989000        11.1132633096035
1.990000        11.123485729290685
1.991000        11.13371572071815
1.992000        11.143953315538067
1.993000        11.154198493077889
1.994000        11.164451289898668
1.995000        11.174711679860664
1.996000        11.184979705673925
1.997000        11.195255334332291
1.998000        11.205538616274879
1.999000        11.215829509843239
2.000000        11.22612807522562
2.001000        11.236434259824112
2.002000        11.246748136167703
2.003000        11.257069637779544
2.004000        11.267398852865828
2.005000        11.27773569727973
2.006000        11.288080279215166
2.007000        11.298432491948631
2.008000        11.308792469250594
2.009000        11.319160075447424
2.010000        11.32953547715842
2.011000        11.339918501451056
2.012000        11.350309357290705
2.013000        11.360707823614526
2.014000        11.371114164182458
2.015000        11.38152809552387
2.016000        11.391949952570897
2.017000        11.402379370623745
2.018000        11.412816777414804
2.019000        11.423261702108569
2.020000        11.433714693908861
2.021000        11.444175142756194
2.022000        11.454643757482035
2.023000        11.465119744668645
2.024000        11.475604023757672
2.025000        11.486095558860143
2.026000        11.4965955484315
2.027000        11.507102634589376
2.028000        11.517618386983138
2.029000        11.52814101825486
2.030000        11.538672594060877
2.031000        11.54921075152977
2.032000        11.559758222237043
2.033000        11.570311868145406
2.034000        11.580875319563901
2.035000        11.591444388216132
2.036000        11.602023924849366
2.037000        11.612608307957988
2.038000        11.623204058563758
2.039000        11.633803580405004
2.040000        11.644415705146844
2.041000        11.655030077294853
2.042000        11.665658777265524
2.043000        11.676287507193031
2.044000        11.686933040568608
2.045000        11.697575409405939
2.046000        11.708238995177773
2.047000        11.718893929286384
2.048000        11.729575267750569
2.049000        11.740238266631057
2.050000        11.750937944884512
2.051000        11.761599396716719
2.052000        11.77231814217345
2.053000        11.78259155058785
2.054000        11.79332355340005
2.055000        11.804256852774436
2.056000        11.81501146870783
2.057000        11.82575241309112
2.058000        11.83651102204999
2.059000        11.847303973642099
2.060000        11.85805209610514
2.061000        11.868873010525249
2.062000        11.879646796025327
2.063000        11.890534293826079
2.064000        11.90130138873576
2.065000        11.912201327658135
2.066000        11.923018734204629
2.067000        11.933975020179744
2.068000        11.94481407930272
2.069000        11.955785110233233
2.070000        11.966625356984643
2.071000        11.977318674574779
2.072000        11.988181849108567
2.073000        11.999300332728605
2.074000        12.010171971934358
2.075000        12.021169815594174
2.076000        12.032059607261946
2.077000        12.042971648045725
2.078000        12.053894121138342
2.079000        12.065051617474435
2.080000        12.075953779133481
2.081000        12.087123427759035
2.082000        12.098034263380953
2.083000        12.109228137459134
2.084000        12.120143456361344
2.085000        12.13140161890291
2.086000        12.142336653026469
2.087000        12.153671118679135
2.088000        12.164611267972386
2.089000        12.175877858936591
2.090000        12.186862831370128
2.091000        12.19815975207618
2.092000        12.209134896968017
2.093000        12.220325415929452
2.094000        12.231324500476227
2.095000        12.242747943936312
2.096000        12.253752879154046
2.097000        12.26503532488034
2.098000        12.27605127691513
2.099000        12.28745842690276
2.100000        12.298429433336757
2.101000        12.30964729601487
2.102000        12.32070396398883
2.103000        12.332160626550024
2.104000        12.343207026566333
2.105000        12.35457462247178
2.106000        12.365687424544205
2.107000        12.377236718337539
2.108000        12.388328582332417
2.109000        12.3997595546778
2.110000        12.410901910228855
2.111000        12.422434949917879
2.112000        12.433556842267265
2.113000        12.444978954557822
2.114000        12.45615203983644
2.115000        12.467691371135555
2.116000        12.478782270370505
2.117000        12.490164604357457
2.118000        12.501357526864947
2.119000        12.51291637739035
2.120000        12.524062797586087
2.121000        12.535500115744835
2.122000        12.54674218880379
2.123000        12.558356580368322
2.124000        12.569508189608342
2.125000        12.580923474548278
2.126000        12.592130714561875
2.127000        12.603517110909376
2.128000        12.614690587527228
2.129000        12.62621663678095
2.130000        12.637421659090133
2.131000        12.648976108960948
2.132000        12.660177539649773
2.133000        12.671744661068221
2.134000        12.682924534647992
2.135000        12.694493274589739
2.136000        12.70573558896682
2.137000        12.717384596268147
2.138000        12.72859942204872
2.139000        12.740015703533377
2.140000        12.751195680084411
2.141000        12.762733100874097
2.142000        12.773911998529492
2.143000        12.78533146576224
2.144000        12.796552010783326
2.145000        12.807938165214452
2.146000        12.819037631793748
2.147000        12.830441518905616
2.148000        12.84150121090045
2.149000        12.85286826355373
2.150000        12.86396402587415
2.151000        12.875502565548747
2.152000        12.886653349836116
2.153000        12.898163066946069
2.154000        12.909297488254538
2.155000        12.920661825189846
2.156000        12.931746135744618
2.157000        12.943298777896516
2.158000        12.954377776102067
2.159000        12.965887028114246
2.160000        12.976981504184309
2.161000        12.988439382910457
