0.010000        0.028996394591860764
0.020000        0.05743500366436827
0.030000        0.08617884786913343
0.040000        0.11491773873183675
0.050000        0.1439003118693769
0.060000        0.17296636199179183
0.070000        0.20225013004767156
0.080000        0.23165239027556872
0.090000        0.2612583649490574
0.100000        0.2910012811178273
0.110000        0.3209399905629198
0.120000        0.35102723909341016
0.130000        0.38130586147116396
0.140000        0.4117412656453503
0.150000        0.4423657758571835
0.160000        0.4731534582236421
0.170000        0.5041293654769898
0.180000        0.5352737208137217
0.190000        0.5666063517434399
0.200000        0.5981119952934009
0.210000        0.6298066161194349
0.220000        0.6616783418168488
0.230000        0.6937402179297916
0.240000        0.725982969964134
0.250000        0.7584173985825622
0.260000        0.7910362531465509
0.270000        0.8238485831035547
0.280000        0.8568487369650715
0.290000        0.8900443817203083
0.300000        0.9234311452002704
0.310000        0.9570155919927519
0.320000        0.9907943847848486
0.330000        1.024773201451353
0.340000        1.0589495503032378
0.350000        1.0933283906216928
0.360000        1.1279079282637046
0.370000        1.1626925363349212
0.380000        1.1976810012667425
0.390000        1.2328772152553142
0.400000        1.2682804521386881
0.410000        1.3038942075807487
0.420000        1.3397181680719115
0.430000        1.3757555008881273
0.440000        1.4120062447979453
0.450000        1.4484732941062362
0.460000        1.4851569908111646
0.470000        1.5220600016050447
0.480000        1.5591829316553234
0.490000        1.5965282573947022
0.500000        1.634096814281854
0.510000        1.6718909194301865
0.520000        1.7099116114867314
0.530000        1.7481610740194302
0.540000        1.7866405264312295
0.550000        1.8253520403339447
0.560000        1.864296997250932
0.570000        1.9034773750218168
0.580000        1.9428947017567708
0.590000        1.9825508769236002
0.600000        2.022447562231335
0.610000        2.0625865918919715
0.620000        2.102969750323453
0.630000        2.143598817716427
0.640000        2.1844756920438275
0.650000        2.225602109154467
0.660000        2.266980072864305
0.670000        2.3086112830709062
0.680000        2.35049784292333
0.690000        2.392641423687129
0.700000        2.435044222340041
0.710000        2.477707887942138
0.720000        2.5206347066393935
0.730000        2.563826310967425
0.740000        2.6072850722907095
0.750000        2.651012611677668
0.760000        2.6950113823620097
0.770000        2.7392829984794105
0.780000        2.7838299922924925
0.790000        2.828653975099842
0.800000        2.873757555785506
0.810000        2.9191423465379067
0.820000        2.9648110308243645
0.830000        3.010765225139963
0.840000        3.0570076858133888
0.850000        3.103540036802263
0.860000        3.150365105846502
0.870000        3.197484527302514
0.880000        3.244901199105776
0.890000        3.292616768762878
0.900000        3.3406342033922822
0.910000        3.388955166246678
0.920000        3.437582692791631
0.930000        3.4865184644911764
0.940000        3.5357655844765503
0.950000        3.585325754778758
0.960000        3.63520214564892
0.970000        3.6853964819488407
0.980000        3.7359120006235678
0.990000        3.786750451552889
1.000000        3.8379151380562426
1.010000        3.8894078371548364
1.020000        3.9412319183180724
1.030000        3.993389187779245
1.040000        4.045883081018847
1.050000        4.098715435509529
1.060000        4.151889752681448
1.070000        4.205407903238481
1.080000        4.2592734545696835
1.090000        4.313488312573439
1.100000        4.368056110671796
1.110000        4.422978791898215
1.120000        4.4782600558418615
1.130000        4.5339018845940835
1.140000        4.589908044101216
1.150000        4.646280557421871
1.160000        4.7030232571020765
1.170000        4.760138209067277
1.180000        4.817629312755349
1.190000        4.875498678851464
1.200000        4.933750274024677
1.210000        4.992386255608814
1.220000        5.051410657888599
1.230000        5.110825686733758
1.240000        5.170635444472671
1.250000        5.230842187398451
1.260000        5.29145008635324
1.270000        5.352461449942963
1.280000        5.413880518034549
1.290000        5.475709653439527
1.300000        5.537953165600628
1.310000        5.6006134734323005
1.320000        5.66369495654334
1.330000        5.727200091853968
1.340000        5.7911333297678524
1.350000        5.85549720712023
1.360000        5.920296245776532
1.370000        5.985533044403278
1.380000        6.051212197032175
1.390000        6.11733636608491
1.400000        6.183910218501278
1.410000        6.250936482389992
1.420000        6.318419898377776
1.430000        6.386363262200529
1.440000        6.454771388987538
1.450000        6.523647144050521
1.460000        6.592995417873599
1.470000        6.662819147301462
1.480000        6.73312329906182
1.490000        6.803910883497988
1.500000        6.875186944506414
1.510000        6.94695456790301
1.520000        7.019218875714433
1.530000        7.091983031211196
1.540000        7.1652522355479356
1.550000        7.239029731439366
1.560000        7.313320800202192
1.570000        7.3881287659919614
1.580000        7.463458991357907
1.590000        7.539314883899294
1.600000        7.615701888504894
1.610000        7.692623498225881
1.620000        7.770085241434323
1.630000        7.848090698645553
1.640000        7.926645482895893
1.650000        8.005753264179628
1.660000        8.085419741416022
1.670000        8.165648676093749
1.680000        8.246445854272281
1.690000        8.327815130948387
1.700000        8.40976238061883
1.710000        8.4922915537974
1.720000        8.575408614756768
1.730000        8.65911761152817
1.740000        8.74342459954277
1.750000        8.828333726336254
1.760000        8.913851139928298
1.770000        8.999981089326404
1.780000        9.086729816621087
1.790000        9.174101674231178
1.800000        9.262102999859533
1.810000        9.350738251237118
1.820000        9.440013863289604
1.830000        9.529934400907628
1.840000        9.620506397933024
1.850000        9.711734528190462
1.860000        9.803625426234198
1.870000        9.896183876496437
1.880000        9.989416616172207
1.890000        10.083328541834803
1.900000        10.17792649542315
1.910000        10.273215486989063
1.920000        10.369202465556654
1.930000        10.465892555715318
1.940000        10.563292816249419
1.950000        10.661408486943557
1.960000        10.760246739497305
1.970000        10.85981292895957
1.980000        10.96011434380701
1.990000        11.061156453542441
2.000000        11.162946668347821
2.010000        11.265490570028408
2.020000        11.368795697045353
2.030000        11.472867739265713
2.040000        11.577714372602397
2.050000        11.683341387415105
2.060000        11.789756610440609
2.070000        11.89696591953349
2.080000        12.004977312574958
2.090000        12.113796732846122
2.100000        12.223432381471103
2.110000        12.333890229550384
2.120000        12.445178734015421
2.130000        12.557303828867937
2.140000        12.670274315893593
2.150000        12.784095977796088
2.160000        12.898778117023191
2.170000        13.014326159428858
2.180000        13.13075018942697
2.190000        13.24805489640022
2.200000        13.366251670501825
2.210000        13.485343743857943
2.220000        13.605344817871337
2.230000        13.72625525838233
2.240000        13.848093068091028
2.250000        13.970852907082609
2.260000        14.094561139409173
2.270000        14.219200811880945
2.280000        14.344815187076087
2.290000        14.471362973396516
2.300000        14.598922837663949
2.310000        14.727400538149329
2.320000        14.856951691006628
2.330000        14.987359892967692
2.340000        15.118957509048478
2.350000        15.25119995302764
2.360000        15.384901561274585
2.370000        15.519464519821394
2.380000        15.655325081919823
2.390000        15.790228801535068
2.400000        15.928060236076629
2.410000        16.065549387260752
2.420000        16.205825012422814
2.430000        16.346260321670268
2.440000        16.48852831340395
2.450000        16.631264120845348
2.460000        16.77520353552153
2.470000        16.918238067229794
2.480000        17.063851494244712
2.490000        17.208767530454722
2.500000        17.35637737420753
2.510000        17.504054082918024
2.520000        17.653107999770576
2.530000        17.802320186163396
2.540000        17.95252379946968
2.550000        18.10184708065638
2.560000        18.25360067089706
2.570000        18.403935010491367
2.580000        18.557358147834343
2.590000        18.709631449740012
2.600000        18.864051473332196
2.610000        19.01889371575929
2.620000        19.175099156062405
2.630000        19.328174937625732
2.640000        19.486091008163296
2.650000        19.642393526070567
2.660000        19.80185589893931
2.670000        19.958125283120093
2.680000        20.11811377495387
2.690000        20.27619617995818
2.700000        20.437388701193527
2.710000        20.598286430674268
2.720000        20.759322192500555
2.730000        20.91987388724882
2.740000        21.083551729319055
2.750000        21.244685302169582
2.760000        21.408772606426286
2.770000        21.571800562205805
2.780000        21.735895530775878
2.790000        21.89946258237277
2.800000        22.064997298958573
2.810000        22.229415075861283
2.820000        22.39576721589207
2.830000        22.56283345647401
2.840000        22.72958138007035
2.850000        22.895866971059533
2.860000        23.061864271217907
2.870000        23.22468339399432
2.880000        23.390973148746653
2.890000        23.557899406406882
2.900000        23.723689932988584
2.910000        23.889804479820754
2.920000        24.05596715743959
2.930000        24.220746565292345
2.940000        24.387301501191573
2.950000        24.551700063738082
2.960000        24.71817619639254
2.970000        24.88528588787613
2.980000        25.052393871320334
2.990000        25.22051283440011
3.000000        25.386790473511105
3.010000        25.551219733290033
3.020000        25.717721497278802
3.030000        25.886083248520492
3.040000        26.051956871849185
3.050000        26.21994079819902
3.060000        26.386205470923265
3.070000        26.55199984442062
3.080000        26.718171966894587
3.090000        26.882315545331707
3.100000        27.048761604292842
3.110000        27.215893464630973
3.120000        27.382591738722574
3.130000        27.548357845298476
3.140000        27.71531764036213
3.150000        27.880619673388438
3.160000        28.04618018851695
3.170000        28.212726306260954
3.180000        28.378241015028877
3.190000        28.540233555346994
3.200000        28.70713753306928
3.210000        28.87193078771623
3.220000        29.038987433970142
3.230000        29.203467862827758
3.240000        29.370119426324536
3.250000        29.53461221446006
3.260000        29.7009803873932
3.270000        29.86574115481065
3.280000        30.032709390629
3.290000        30.197495719074865
3.300000        30.364436415992813
3.310000        30.528691031774194
3.320000        30.695224975471724
3.330000        30.859250314261686
3.340000        31.025803552672848
3.350000        31.190847073374073
3.360000        31.357738459141423
3.370000        31.523609401793273
3.380000        31.690510325041522
3.390000        31.85561903974984
3.400000        32.02601714058958
3.410000        32.18797546682158
3.420000        32.35110649329946
3.430000        32.514053082819046
3.440000        32.67574367799404
3.450000        32.84260163952689
3.460000        33.01083556934268
3.470000        33.17464348736655
3.480000        33.343413565494
3.490000        33.506608056340234
3.500000        33.67402571856738
3.510000        33.83767194507521
3.520000        34.00462274897233
3.530000        34.16664153213025
3.540000        34.333816145448566
3.550000        34.49672930808696
3.560000        34.66413660674171
3.570000        34.82050265366241
3.580000        34.987609866483865
3.590000        35.16043542654306
3.600000        35.3268713353167
3.610000        35.49077213106517
3.620000        35.65752381576973
3.630000        35.82234635810758
3.640000        35.98889818181345
3.650000        36.151872420521784
3.660000        36.31837248822671
3.670000        36.478665519976644
3.680000        36.644470138916496
3.690000        36.808277029983365
3.700000        36.973505866320096
3.710000        37.13710399217903
3.720000        37.30342427075691
3.730000        37.468427134311376
3.740000        37.63272046865811
3.750000        37.79720896772744
3.760000        37.96172752601566
3.770000        38.125510730400585
3.780000        38.29062399508922
3.790000        38.453757441715744
3.800000        38.61881251285394
3.810000        38.7819952371786
3.820000        38.94496606367262
3.830000        39.108249968287936
3.840000        39.27672298728545
3.850000        39.44075468552413
3.860000        39.604310697575336
3.870000        39.766362713411304
3.880000        39.93120901521975
3.890000        40.0948247360447
3.900000        40.258342322726705
3.910000        40.42651834836777
3.920000        40.590926887621215
3.930000        40.75373000076425
3.940000        40.91821430612395
3.950000        41.081802769326835
3.960000        41.245449608771445
3.970000        41.410012445877825
3.980000        41.57344584382575
3.990000        41.73745366161596
4.000000        41.89555892661406
4.010000        42.0607776654628
4.020000        42.22556050596917
4.030000        42.386950207037145
4.040000        42.55127870067572
4.050000        42.714590702042685
4.060000        42.87938546462588
4.070000        43.042369997214664
4.080000        43.206186221441214
4.090000        43.36880893820659
4.100000        43.53165322322404
4.110000        43.69131623569356
4.120000        43.85480857390641
4.130000        44.0182056332778
4.140000        44.17688885756892
4.150000        44.34019136394736
4.160000        44.50306714867081
4.170000        44.66595099891906
4.180000        44.828909388771486
4.190000        44.99032495525094
4.200000        45.15061514590234
4.210000        45.31335881329512
4.220000        45.47494105234119
4.230000        45.63731650869042
4.240000        45.79999271487275
4.250000        45.96190508284275
4.260000        46.124239324268345
4.270000        46.2853823344271
4.280000        46.44779047440854
4.290000        46.60959940863278
4.300000        46.770385667283286
4.310000        46.93259160443747
4.320000        47.0962009145964
4.330000        47.258452186520195
4.340000        47.42045056148043
4.350000        47.580612916322465
4.360000        47.7427700614246
4.370000        47.90458859631436
4.380000        48.064888028166656
4.390000        48.22685297804566
4.400000        48.392777420232925
4.410000        48.55448754443177
4.420000        48.71661977241255
4.430000        48.877170427874425
4.440000        49.038842603191824
4.450000        49.19997874651704
4.460000        49.35630428074652
4.470000        49.51810906561699
4.480000        49.680372391969684
4.490000        49.84233810986244
4.500000        50.0055526078796
4.510000        50.167234805359044
4.520000        50.32792321583449
4.530000        50.489504026965406
4.540000        50.646653462180744
4.550000        50.80861598358256
4.560000        50.96942846178046
4.570000        51.20523914202723
4.580000        51.36614944971091
4.590000        51.523539854658225
4.600000        51.68489422475348
4.610000        51.84585818027112
4.620000        52.00701719832262
4.630000        52.167586334893194
4.640000        52.32648117277713
4.650000        52.486877353878185
4.660000        52.64779054104437
4.670000        52.806445581580334
4.680000        52.96745000482988
4.690000        53.128115836836116
4.700000        53.28785525458749
4.710000        53.44813487890301
4.720000        53.60820166542856
4.730000        53.76886506656311
4.740000        53.92816612030027
4.750000        54.08659590727049
4.760000        54.25153653185592
4.770000        54.411669579617794
4.780000        54.57357237426969
4.790000        54.733449111393455
4.800000        54.8914453239949
4.810000        55.05261695942879
4.820000        55.212785968257194
4.830000        55.37130800314013
4.840000        55.53412141929344
4.850000        55.69297631886916
4.860000        55.84799515577069
4.870000        56.01089690723228
4.880000        56.170559142245764
4.890000        56.32855044911602
4.900000        56.489494019570856
4.910000        56.64872802044427
4.920000        56.80535179393149
4.930000        56.96453747241364
4.940000        57.12278759405997
4.950000        57.28218943647866
4.960000        57.441542742508815
4.970000        57.5988056291484
4.980000        57.7581208076531
4.990000        57.915074908724634
5.000000        58.074544698519134
5.010000        58.23326391366476
5.020000        58.39210120981389
5.030000        58.545166244596516
5.040000        58.704395269956265
5.050000        58.86110242191002
5.060000        59.020429523784415
5.070000        59.18041152507037
5.080000        59.338650062673665
5.090000        59.49686878727029
5.100000        59.65561322349349
5.110000        59.81468595697328
5.120000        59.97323097011946
5.130000        60.13197967607789
5.140000        60.28287765518692
5.150000        60.44150913548437
5.160000        60.60009285368322
5.170000        60.75926875497498
5.180000        60.91818652169674
5.190000        61.073750822403994
5.200000        61.230981372653915
5.210000        61.39138585584439
5.220000        61.54922728751919
5.230000        61.70797619865779
5.240000        61.86633983234158
5.250000        62.02480847090881
5.260000        62.18316815096087
5.270000        62.341451842182906
5.280000        62.49958647514475
5.290000        62.65784090185444
5.300000        62.81566648455507
5.310000        62.9741755884413
5.320000        63.13203600349051
5.330000        63.29041306572911
5.340000        63.447741988109954
5.350000        63.60405816820489
5.360000        63.76196926802716
5.370000        63.91966173211841
5.380000        64.07725667787227
5.390000        64.23507211686479
5.400000        64.39267577334685
5.410000        64.54501993466351
5.420000        64.70286005451916
5.430000        64.86076406825121
5.440000        65.01811287464407
5.450000        65.17553457634715
5.460000        65.3330261378783
5.470000        65.48137536488319
5.480000        65.63881251156062
5.490000        65.79178018779018
5.500000        65.94921874454778
5.510000        66.10664707264968
5.520000        66.26384919705016
5.530000        66.41973666312329
5.540000        66.57294644113011
5.550000        66.73034965873087
5.560000        66.88814699235141
5.570000        67.04502861250121
5.580000        67.20273307874339
5.590000        67.3594080759829
5.600000        67.51306034334284
5.610000        67.66948292414354
5.620000        67.82674282211401
5.630000        67.98332490047386
5.640000        68.14070629168177
5.650000        68.29690630223482
5.660000        68.4534306857307
5.670000        68.61588154413757
5.680000        68.77205725645896
5.690000        68.93371655910556
5.700000        69.09057046071807
5.710000        69.24308576385307
5.720000        69.39945575881967
5.730000        69.55571015002879
5.740000        69.71194819235876
5.750000        69.86649151710952
5.760000        70.0227510617244
5.770000        70.17802745957486
5.780000        70.33405090354205
5.790000        70.49028578440432
5.800000        70.64611298238931
5.810000        70.80221663641154
5.820000        70.95803750004194
5.830000        71.11492332190213
5.840000        71.27102345759454
5.850000        71.42731160647077
5.860000        71.58326092554935
5.870000        71.73880086417842
5.880000        71.89614567482957
5.890000        72.05134929693327
5.900000        72.20711570555235
5.910000        72.36211828301084
5.920000        72.51754820060417
5.930000        72.67054058808193
5.940000        72.82582719250334
5.950000        72.98137354489964
5.960000        73.1362452969888
5.970000        73.29426580666025
5.980000        73.4485742656002
5.990000        73.60154877271808
6.000000        73.75556717302699
6.010000        73.9063830961241
6.020000        74.0601682872042
6.030000        74.21336817959515
6.040000        74.3684182447269
6.050000        74.52277964410065
6.060000        74.67795810044481
6.070000        74.83222938707287
6.080000        74.9817738004904
6.090000        75.13670865565568
6.100000        75.29405019168021
6.110000        75.44814236916322
6.120000        75.60262347174789
6.130000        75.75648823369663
6.140000        75.92349633681475
6.150000        76.07711429241117
6.160000        76.23134079052895
6.170000        76.38461302976364
6.180000        76.53351067742507
6.190000        76.68749431088423
6.200000        76.84154874803008
6.210000        76.99517886140121
6.220000        77.14733914560833
6.230000        77.30038878475524
6.240000        77.4524843542362
6.250000        77.60632154233933
6.260000        77.75958327976868
6.270000        77.91372373673978
6.280000        78.06780173139924
6.290000        78.22083847177879
6.300000        78.37486797907027
6.310000        78.52835933187312
6.320000        78.6747221823916
6.330000        78.82736466998564
6.340000        78.97891082362739
6.350000        79.13193386092165
6.360000        79.28457936805133
6.370000        79.43742103374065
6.380000        79.58943202090099
6.390000        79.74184931860384
6.400000        79.89433030827945
6.410000        80.04662551741347
6.420000        80.19135489347683
6.430000        80.34327381772226
6.440000        80.49643037667663
6.450000        80.64848169451236
6.460000        80.7998831939062
6.470000        80.95220750210217
6.480000        81.10331972211503
6.490000        81.25551879703013
6.500000        81.40814260959974
6.510000        81.55977980143895
6.520000        81.70985889449712
6.530000        81.86151390872695
6.540000        82.01265487896539
6.550000        82.16081222892427
6.560000        82.31229094679372
6.570000        82.46272650594852
6.580000        82.61417484556686
6.590000        82.76330110448296
6.600000        82.91466028496028
6.610000        83.06113908085555
6.620000        83.21077283687029
6.630000        83.36059742623135
6.640000        83.50881672909372
6.650000        83.66386000286109
6.660000        83.81419273707834
6.670000        83.96035425618967
6.680000        84.11091848697617
6.690000        84.26169488428627
6.700000        84.41236256795722
6.710000        84.56213676466773
6.720000        84.71333294487162
6.730000        84.8633930309474
6.740000        85.01528069799444
6.750000        85.16554876847714
6.760000        85.30788566407868
6.770000        85.45725249759703
6.780000        85.60788636828694
6.790000        85.75728631344194
6.800000        85.90594920666561
6.810000        86.0558756154003
6.820000        86.20372045421105
6.830000        86.35293170933008
6.840000        86.50416136675341
6.850000        86.65296330283438
6.860000        86.80240810997802
6.870000        86.95109349756568
6.880000        87.07466654241074
6.890000        87.22393802923462
6.900000        87.3742536642013
6.910000        87.52122559881983
6.920000        87.6704878349741
6.930000        87.82632866435169
6.940000        87.97453760886548
6.950000        88.12370852659143
6.960000        88.27087359289081
6.970000        88.41926339267071
6.980000        88.56679543561657
6.990000        88.71497459004334
7.000000        88.85493277993407
7.010000        89.0025811177589
7.020000        89.14729821415668
7.030000        89.29493141346803
7.040000        89.44252618949211
7.050000        89.59029736444957
7.060000        89.73572889999603
7.070000        89.88283100730591
7.080000        90.03065073877727
7.090000        90.17707791969718
7.100000        90.32208147103827
7.110000        90.46895642943886
7.120000        90.615988095292
7.130000        90.7626688042218
7.140000        90.9082621932319
7.150000        91.05474477929184
7.160000        91.20272782616235
7.170000        91.34852708401996
7.180000        91.49459174858423
7.190000        91.64034639642657
7.200000        91.78524160495527
7.210000        91.93074918534846
7.220000        92.07559011482634
7.230000        92.22105283617759
7.240000        92.36768774742711
7.250000        92.51222035313384
7.260000        92.65485421713963
7.270000        92.79870866950715
7.280000        92.94540340437135
7.290000        93.09003488191351
7.300000        93.23269353645902
7.310000        93.3775682102548
7.320000        93.52083767807669
7.330000        93.66447491434279
7.340000        93.80815522360588
7.350000        93.95152598014604
7.360000        94.09484567415471
7.370000        94.23736113511367
7.380000        94.38280780802515
7.390000        94.52496752691326
7.400000        94.66840321761347
7.410000        94.81099529945348
7.420000        94.95500049924914
7.430000        95.09743589497906
7.440000        95.24032024456942
7.450000        95.38236995816246
7.460000        95.38363878479454
7.470000        95.52949381589569
7.480000        95.6721375579175
7.490000        95.81605818135976
7.500000        95.95588211793668
7.510000        96.10065886685972
7.520000        96.23411774987261
7.530000        96.37869681702207
7.540000        96.51625666827037
7.550000        96.65838526455103
7.560000        96.79620963947876
7.570000        96.93932452082345
7.580000        97.06886527835628
7.590000        97.22207078610316
7.600000        97.36518503541983
7.610000        97.50511465722907
7.620000        97.6498588179874
7.630000        97.80768786090394
7.640000        97.94793649882166
7.650000        98.08674099365366
7.660000        98.22736076543077
7.670000        98.37514636767902
7.680000        98.5155811146637
7.690000        98.66451288039916
7.700000        98.8041096427447
7.710000        98.93910448092798
7.720000        99.07768989103977
7.730000        99.2107990618052
7.740000        99.34870448319143
7.750000        99.48231365163737
7.760000        99.61932900590696
7.770000        99.7428619816201
7.780000        99.87924725932243
7.790000        100.01109469663527
7.800000        100.14804712929835
7.810000        100.2692007951807
7.820000        100.4044533051106
7.830000        100.53618046241111
7.840000        100.67087242943226
7.850000        100.78945114171138
7.860000        100.92321755131891
7.870000        101.05355376913658
7.880000        101.18834344730557
7.890000        101.29996786370552
7.900000        101.43365364713173
7.910000        101.56546331876376
7.920000        101.69813475287913
7.930000        101.81871742206118
7.940000        101.95112383767882
7.950000        102.08106144450271
7.960000        102.21106387168828
7.970000        102.34478600459403
7.980000        102.47312735370404
7.990000        102.64826197488145
8.000000        102.77562577386144
8.010000        102.89528523454786
8.020000        103.01900490629994
8.030000        103.14041050649605
8.040000        103.26687030639275
8.050000        103.39079171655371
8.060000        103.51409936100431
8.070000        103.63298583379888
8.080000        103.75620095765696
8.090000        103.87292037822007
8.100000        103.99303544423755
8.110000        104.10732493901256
8.120000        104.22703308058456
8.130000        104.34342188621105
8.140000        104.46412227378556
8.150000        104.58061034022387
8.160000        104.69806820827473
8.170000        104.80285761585652
8.180000        104.80696220942077
8.190000        104.59070702674373
8.200000        104.06707391432059
8.210000        103.59342091672566
8.220000        103.08359992813398
8.230000        102.57359867739
8.240000        102.06793714800706
8.250000        101.55095619319479
8.260000        101.05460545038046
8.270000        100.53572990817901
8.280000        100.04978662741689
8.290000        99.52996106354114
8.300000        99.05486590997373
8.310000        98.53347963504538
8.320000        98.06970016800615
8.330000        97.54570529008174
8.340000        97.09567488805234
8.350000        96.55370316732169
8.360000        96.12102566225639
8.370000        95.59179329657633
8.380000        95.1699551113046
8.390000        94.64916159187422
8.400000        94.23467817070603
8.410000        93.72306303925522
8.420000        93.31399408663889
8.430000        92.81215525061819
8.440000        92.4075518602187
8.450000        91.91562891088746
8.460000        91.51515601506578
8.470000        91.03301487831283
8.480000        90.63656989034222
8.490000        90.16398416691987
8.500000        89.77149725291943
8.510000        89.30823463814804
8.520000        88.91961088755734
8.530000        88.465466167425
8.540000        88.08058281921345
8.550000        87.63539188596486
8.560000        87.25410646778967
8.570000        86.8177562777913
8.580000        86.43990982377025
8.590000        86.01235380805817
8.600000        85.63776290736718
8.610000        85.219060331007
8.620000        84.8474887389995
8.630000        84.43793028280156
8.640000        84.06899998433846
8.650000        83.66957834751004
8.660000        83.30228819099186
8.670000        112.70630393784981
8.680000        111.53344627101004
8.690000        111.12720617645924
8.700000        108.77332114208318
8.710000        100.7129165170269
