0.001000        0.0031166137849965025
0.002000        0.006257935151536387
0.003000        0.009389266071190505
0.004000        0.0125245800537499
0.005000        0.01565846267202531
0.006000        0.018793516065478855
0.007000        0.021928753931682365
0.008000        0.025064809725090953
0.009000        0.028201455612633097
0.010000        0.03133887671921087
0.011000        0.03447701127250724
0.012000        0.03761591858224378
0.013000        0.04075558038730165
0.014000        0.04389601700032664
0.015000        0.047037223203004075
0.016000        0.05017920690100652
0.017000        0.053321967452049535
0.018000        0.0564655090142292
0.019000        0.059609832940500596
0.020000        0.06275494251278602
0.021000        0.06590084017863695
0.022000        0.06904752925775348
0.023000        0.07219501289935515
0.024000        0.07534329469773482
0.025000        0.07849237827936584
0.026000        0.08164226751845582
0.027000        0.08479296636178191
0.028000        0.08794447889665058
0.029000        0.09109680926897568
0.030000        0.09424996169753719
0.031000        0.0974039404306879
0.032000        0.10055874974219314
0.033000        0.10371439390531023
0.034000        0.10687087718344124
0.035000        0.11002820381296452
0.036000        0.11318637799354292
0.037000        0.11634540387599301
0.038000        0.11950528555385631
0.039000        0.12266602705456542
0.040000        0.12582763233266547
0.041000        0.12899010526335175
0.042000        0.1321534496372916
0.043000        0.13531766915596322
0.044000        0.13848276742788812
0.045000        0.14164874796538918
0.046000        0.14481561418200783
0.047000        0.14798336939039913
0.048000        0.15115201680072943
0.049000        0.1543215595194809
0.050000        0.1574920005486522
0.051000        0.16066334278529304
0.052000        0.16383558902135498
0.053000        0.1670087419438122
0.054000        0.17018280413503106
0.055000        0.17335777807336328
0.056000        0.17653366613392407
0.057000        0.1797104705895567
0.058000        0.18288819361194086
0.059000        0.18606683727283801
0.060000        0.1892464035454573
0.061000        0.19242689430592463
0.062000        0.19560831133484058
0.063000        0.19879065631890924
0.064000        0.20197393085264892
0.065000        0.20515813644013825
0.066000        0.20834327449682455
0.067000        0.21152934635136234
0.068000        0.21471635324748384
0.069000        0.21790429634589614
0.070000        0.22109317672618545
0.071000        0.2242829953887444
0.072000        0.22747375325670482
0.073000        0.23066545117785964
0.074000        0.23385808992660095
0.075000        0.23705167020583673
0.076000        0.24024619264890923
0.077000        0.24344165782149396
0.078000        0.24663806622349327
0.079000        0.24983541829089972
0.080000        0.253033714397656
0.081000        0.2562329548574791
0.082000        0.2594331399256742
0.083000        0.2626342698009232
0.084000        0.26583634462704175
0.085000        0.2690393644947182
0.086000        0.2722433294432207
0.087000        0.27544823946208474
0.088000        0.27865409449276335
0.089000        0.28186089443025786
0.090000        0.2850686391247166
0.091000        0.28827732838300335
0.092000        0.29148696197024293
0.093000        0.29469753961132916
0.094000        0.29790906099241177
0.095000        0.30112152576235474
0.096000        0.3043349335341592
0.097000        0.30754928388636316
0.098000        0.3107645763644111
0.099000        0.313980810481997
0.100000        0.31719798572237856
0.101000        0.3204161015396654
0.102000        0.32363515736007287
0.103000        0.326855152583164
0.104000        0.33007608658304477
0.105000        0.33329795870955436
0.106000        0.3365207682894109
0.107000        0.33974451462734656
0.108000        0.3429691970072035
0.109000        0.34619481469302116
0.110000        0.3494213669300823
0.111000        0.3526488529459506
0.112000        0.3558772719514689
0.113000        0.35910662314175035
0.114000        0.3623369056971324
0.115000        0.3655681187841182
0.116000        0.36880026155628975
0.117000        0.37203333315520304
0.118000        0.37526733271125856
0.119000        0.3785022593445504
0.120000        0.38173811216569753
0.121000        0.3849748902766521
0.122000        0.38821259277148634
0.123000        0.39145121873715993
0.124000        0.39469076725427144
0.125000        0.39793123739777947
0.126000        0.4011726282377186
0.127000        0.4044149388398832
0.128000        0.40765816826649903
0.129000        0.41090231557687673
0.130000        0.41414737982803906
0.131000        0.4173933600753408
0.132000        0.4206402553730584
0.133000        0.4238880647749692
0.134000        0.427136787334911
0.135000        0.4303864221073219
0.136000        0.433636968147761
0.137000        0.43688842451341614
0.138000        0.44014079026358743
0.139000        0.4433940644601613
0.140000        0.4466482461680581
0.141000        0.449903334455664
0.142000        0.4531593283952553
0.143000        0.45641622706338936
0.144000        0.45967402954129
0.145000        0.4629327349152135
0.146000        0.4661923422767913
0.147000        0.4694528507233624
0.148000        0.47271425935828404
0.149000        0.47597656729123194
0.150000        0.4792397736384757
0.151000        0.48250387752313806
0.152000        0.48576887807544367
0.153000        0.4890347744329482
0.154000        0.4923015657407461
0.155000        0.4955692511516716
0.156000        0.4988378298264724
0.157000        0.5021073009339787
0.158000        0.505377663651247
0.159000        0.5086489171636934
0.160000        0.511921060665216
0.161000        0.515194093358291
0.162000        0.5184680144540685
0.163000        0.5217428231724437
0.164000        0.5250185187421224
0.165000        0.5282951004006691
0.166000        0.5315725673945462
0.167000        0.5348509189791457
0.168000        0.5381301544188055
0.169000        0.5414102729868162
0.170000        0.5446912739654266
0.171000        0.5479731566458419
0.172000        0.551255920328213
0.173000        0.5545395643216224
0.174000        0.5578240879440788
0.175000        0.5611094905224956
0.176000        0.5643957713926895
0.177000        0.5676829298993695
0.178000        0.5709709653961461
0.179000        0.5742598772455434
0.180000        0.5775496648190224
0.181000        0.5808403274970306
0.182000        0.5841318646690628
0.183000        0.5874242757337473
0.184000        0.5907175600989714
0.185000        0.5940117171820205
0.186000        0.5973067464097745
0.187000        0.6006026472189276
0.188000        0.6038994190562761
0.189000        0.6071970613790416
0.190000        0.6104955736552675
0.191000        0.613794955364277
0.192000        0.6170952059972024
0.193000        0.6203963250575963
0.194000        0.6236983120621336
0.195000        0.6270011665414064
0.196000        0.6303048880408237
0.197000        0.6336094761216202
0.198000        0.6369149303619892
0.199000        0.640221250358346
0.200000        0.6435284357267221
0.201000        0.6468364861043181
0.202000        0.650145401151196
0.203000        0.6534551805521502
0.204000        0.6567658240187395
0.205000        0.6600773312915074
0.206000        0.6633897021423785
0.207000        0.6667029363772627
0.208000        0.6700170338388407
0.209000        0.6733319944095637
0.210000        0.6766478180148603
0.211000        0.6799645046265397
0.212000        0.6832820542664102
0.213000        0.6866004670100985
0.214000        0.6899197429910675
0.215000        0.6932398824048249
0.216000        0.6965608855133176
0.217000        0.6998827526494829
0.218000        0.7032054842219573
0.219000        0.7065290807199069
0.220000        0.7098535427179726
0.221000        0.7131788708812739
0.222000        0.7165050659704661
0.223000        0.7198321288467948
0.224000        0.7231600604771096
0.225000        0.7264888619387957
0.226000        0.7298185344245702
0.227000        0.7331490792470774
0.228000        0.7364804978432442
0.229000        0.7398127917783253
0.230000        0.743145962749562
0.231000        0.7464800125894069
0.232000        0.749814943268241
0.233000        0.7531507568965132
0.234000        0.7564874557262371
0.235000        0.7598250421517836
0.236000        0.7631635187099128
0.237000        0.7665028880789695
0.238000        0.7698431530772272
0.239000        0.7731843166603021
0.240000        0.7765263819176251
0.241000        0.779869352067946
0.242000        0.7832132304538444
0.243000        0.78655802053526
0.244000        0.7899037258820432
0.245000        0.7932503501655628
0.246000        0.7965978971493843
0.247000        0.7999463706791001
0.248000        0.8032957746713478
0.249000        0.8066461131021132
0.250000        0.8099973899943809
0.251000        0.8133496094052575
0.252000        0.8167027754126543
0.253000        0.8200568921016398
0.254000        0.8234119635506012
0.255000        0.8267679938173096
0.256000        0.8301249869250285
0.257000        0.8334829468487914
0.258000        0.8368418775019482
0.259000        0.840201782723117
0.260000        0.8435626662636437
0.261000        0.8469245317756631
0.262000        0.850287382800861
0.263000        0.8536512227600213
0.264000        0.8570160549434345
0.265000        0.8603818825022103
0.266000        0.8637487084405553
0.267000        0.8671165356090569
0.268000        0.8704853666989845
0.269000        0.873855204237632
0.270000        0.8772260505846958
0.271000        0.8805979079296833
0.272000        0.8839707782903385
0.273000        0.8873446635120494
0.274000        0.8907195652682098
0.275000        0.894095485061488
0.276000        0.8974724242259668
0.277000        0.9008503839300896
0.278000        0.9042293651803668
0.279000        0.9076093688257778
0.280000        0.9109903955628162
0.281000        0.9143724459411136
0.282000        0.9177555203695658
0.283000        0.9211396191229309
0.284000        0.924524742348801
0.285000        0.9279108900749176
0.286000        0.9312980622167544
0.287000        0.9346862585853213
0.288000        0.9380754788951275
0.289000        0.9414657227722554
0.290000        0.9448569897625045
0.291000        0.9482492793395476
0.292000        0.9516425909130621
0.293000        0.9550369238368042
0.294000        0.9584322774165699
0.295000        0.96182865091804
0.296000        0.9652260435744502
0.297000        0.9686244545940781
0.298000        0.9720238831675161
0.299000        0.9754243284747108
0.300000        0.9788257896917596
0.301000        0.982228265997426
0.302000        0.9856317565793944
0.303000        0.9890362606402281
0.304000        0.9924417774030339
0.305000        0.9958483061168302
0.306000        0.9992558460616046
0.307000        1.0026643965530777
0.308000        1.0060739569471515
0.309000        1.009484526644064
0.310000        1.0128961050922403
0.311000        1.016308691791858
0.312000        1.0197222862981103
0.313000        1.023136888224208
0.314000        1.0265524972440865
0.315000        1.029969113094868
0.316000        1.033386735579061
0.317000        1.0368053645665096
0.318000        1.0402249999961164
0.319000        1.043645641877335
0.320000        1.047067290291455
0.321000        1.0504899453926786
0.322000        1.053913607409008
0.323000        1.0573382766429535
0.324000        1.0607639534720672
0.325000        1.0641906383493271
0.326000        1.0676183318033612
0.327000        1.0710470344385445
0.328000        1.074476746934959
0.329000        1.0779074700482454
0.330000        1.0813392046093373
0.331000        1.0847719515241039
0.332000        1.088205711772897
0.333000        1.0916404864100198
0.334000        1.0950762765631232
0.335000        1.098513083432529
0.336000        1.1019509082905028
0.337000        1.1053897524804714
0.338000        1.108829617416193
0.339000        1.1122705045808914
0.340000        1.115712415526355
0.341000        1.1191553518720134
0.342000        1.1225993153039795
0.343000        1.126044307574082
0.344000        1.1294903304988804
0.345000        1.132937385958673
0.346000        1.1363854758964962
0.347000        1.139834602317114
0.348000        1.1432847672860227
0.349000        1.1467359729284414
0.350000        1.1501882214283192
0.351000        1.1536415150273402
0.352000        1.1570958560239504
0.353000        1.160551246772382
0.354000        1.1640076896817018
0.355000        1.1674651872148587
0.356000        1.1709237418877638
0.357000        1.1743833562683754
0.358000        1.1778440329758055
0.359000        1.1813057746794389
0.360000        1.1847685840980766
0.361000        1.1882324639990944
0.362000        1.1916974171976236
0.363000        1.1951634465557426
0.364000        1.1986305549816993
0.365000        1.2020987454291472
0.366000        1.205568020896397
0.367000        1.2090383844256962
0.368000        1.2125098391025197
0.369000        1.2159823880548863
0.370000        1.2194560344526835
0.371000        1.2229307815070225
0.372000        1.2264066324696064
0.373000        1.2298835906321095
0.374000        1.2333616593255812
0.375000        1.236840841919868
0.376000        1.240321141823042
0.377000        1.2438025624808517
0.378000        1.247285107376193
0.379000        1.2507687800285794
0.380000        1.2542535839936413
0.381000        1.2577395228626305
0.382000        1.261226600261942
0.383000        1.2647148198526423
0.384000        1.268204185330017
0.385000        1.2716947004231223
0.386000        1.2751863688943565
0.387000        1.2786791945390306
0.388000        1.282173181184957
0.389000        1.2856683326920457
0.390000        1.2891646529519072
0.391000        1.2926621458874656
0.392000        1.2961608154525823
0.393000        1.2996606656316754
0.394000        1.3031617004393645
0.395000        1.3066639239201088
0.396000        1.310167340147851
0.397000        1.3136719532256773
0.398000        1.3171777672854734
0.399000        1.320684786487588
0.400000        1.3241930150205032
0.401000        1.327702457100509
0.402000        1.3312131169713783
0.403000        1.3347249989040506
0.404000        1.3382381071963145
0.405000        1.3417524461725012
0.406000        1.345268020183168
0.407000        1.3487848336047996
0.408000        1.3523028908394998
0.409000        1.3558221963146941
0.410000        1.359342754482828
0.411000        1.3628645698210722
0.412000        1.3663876468310274
0.413000        1.3699119900384318
0.414000        1.3734376039928637
0.415000        1.3769644932674598
0.416000        1.3804926624586198
0.417000        1.3840221161857187
0.418000        1.3875528590908228
0.419000        1.3910848958384037
0.420000        1.3946182311150483
0.421000        1.3981528696291772
0.422000        1.4016888161107648
0.423000        1.405226075311047
0.424000        1.4087646520022492
0.425000        1.4123045509772965
0.426000        1.415845777049535
0.427000        1.4193883350524512
0.428000        1.4229322298393896
0.429000        1.4264774662832789
0.430000        1.4300240492763425
0.431000        1.433571983729827
0.432000        1.4371212745737196
0.433000        1.4406719267564707
0.434000        1.4442239452447172
0.435000        1.4477773350230034
0.436000        1.451332101093504
0.437000        1.4548882484757488
0.438000        1.4584457822063488
0.439000        1.4620047073387124
0.440000        1.4655650289427786
0.441000        1.4691267521047422
0.442000        1.4726898819267724
0.443000        1.4762544235267505
0.444000        1.479820382037989
0.445000        1.4833877626089613
0.446000        1.4869565704030343
0.447000        1.4905268105981957
0.448000        1.4940984883867827
0.449000        1.4976716089752191
0.450000        1.5012461775837416
0.451000        1.5048221994461404
0.452000        1.5083996798094805
0.453000        1.511978623933853
0.454000        1.5155590370921015
0.455000        1.5191409245695606
0.456000        1.522724291663799
0.457000        1.526309143684358
0.458000        1.5298954859524905
0.459000        1.533483323800903
0.460000        1.5370726625735038
0.461000        1.5406635076251458
0.462000        1.5442558643213733
0.463000        1.5478497380381686
0.464000        1.5514451341617086
0.465000        1.555042058088107
0.466000        1.558640515223173
0.467000        1.562240510982166
0.468000        1.5658420507895485
0.469000        1.5694451400787468
0.470000        1.5730497842919107
0.471000        1.576655988879672
0.472000        1.580263759300916
0.473000        1.5838731010225349
0.474000        1.5874840195192057
0.475000        1.5910965202731546
0.476000        1.5947106087739282
0.477000        1.598326290518166
0.478000        1.601943571009377
0.479000        1.6055624557577168
0.480000        1.6091829502797683
0.481000        1.612805060098319
0.482000        1.6164287907421482
0.483000        1.6200541477458117
0.484000        1.6236811366494308
0.485000        1.6273097629984807
0.486000        1.630940032343581
0.487000        1.6345719502402964
0.488000        1.6382055222489278
0.489000        1.6418407539343143
0.490000        1.645477650865633
0.491000        1.6491162186162072
0.492000        1.652756462763307
0.493000        1.6563983888879577
0.494000        1.6600420025747589
0.495000        1.663687309411685
0.496000        1.6673343149899118
0.497000        1.670983024903629
0.498000        1.6746334447498619
0.499000        1.6782855801282928
0.500000        1.6819394366410894
0.501000        1.6855950198927268
0.502000        1.689252335489826
0.503000        1.6929113890409742
0.504000        1.6965721861565708
0.505000        1.70023473244866
0.506000        1.7038990335307655
0.507000        1.707565095017742
0.508000        1.7112329225256104
0.509000        1.7149025216714104
0.510000        1.718573898073048
0.511000        1.7222470573491435
0.512000        1.725922005118889
0.513000        1.7295987470019032
0.514000        1.7332772886180852
0.515000        1.7369576355874852
0.516000        1.740639793530157
0.517000        1.74432376806603
0.518000        1.7480095648147724
0.519000        1.7516971893956619
0.520000        1.755386647427457
0.521000        1.759077944528272
0.522000        1.762771086315455
0.523000        1.7664660784054629
0.524000        1.7701629264137413
0.525000        1.7738616359546118
0.526000        1.7775622126411506
0.527000        1.7812646620850803
0.528000        1.784968989896658
0.529000        1.7886752016845637
0.530000        1.7923833030557965
0.531000        1.7960932996155687
0.532000        1.7998051969671973
0.533000        1.8035190007120114
0.534000        1.8072347164492495
0.535000        1.8109523497759614
0.536000        1.814671906286911
0.537000        1.8183933915744905
0.538000        1.8221168112286215
0.539000        1.8258421708366672
0.540000        1.8295694759833445
0.541000        1.8332987322506415
0.542000        1.8370299452177274
0.543000        1.840763120460874
0.544000        1.8444982635533744
0.545000        1.8482353800654607
0.546000        1.8519744755642318
0.547000        1.8557155556135747
0.548000        1.8594586257740886
0.549000        1.863203691603017
0.550000        1.8669507586541751
0.551000        1.8706998324778787
0.552000        1.8744509186208784
0.553000        1.878204022626294
0.554000        1.8819591500335484
0.555000        1.885716306378308
0.556000        1.889475497192418
0.557000        1.893236728003842
0.558000        1.897000004336606
0.559000        1.9007653317107405
0.560000        1.9045327156422243
0.561000        1.9083021616429328
0.562000        1.912073675220583
0.563000        1.91584726187868
0.564000        1.9196229271164729
0.565000        1.9234006764289031
0.566000        1.9271805153065547
0.567000        1.9309624492356132
0.568000        1.9347464836978165
0.569000        1.938532624170417
0.570000        1.9423208761261321
0.571000        1.9461112450331104
0.572000        1.949903736354889
0.573000        1.9536983555503564
0.574000        1.9574951080737133
0.575000        1.961293999374437
0.576000        1.9650950348972511
0.577000        1.9688982200820853
0.578000        1.9727035603640495
0.579000        1.9765110611733974
0.580000        1.9803207279354975
0.581000        1.9841325660708087
0.582000        1.987946580994846
0.583000        1.9917627781181544
0.584000        1.995581162846289
0.585000        1.999401740579783
0.586000        2.0032245167141287
0.587000        2.0070494966397536
0.588000        2.010876685741998
0.589000        2.014706089401093
0.590000        2.018537712992144
0.591000        2.022371561885109
0.592000        2.026207641444783
0.593000        2.0300459570307794
0.594000        2.033886513997512
0.595000        2.0377293176941844
0.596000        2.0415743734647727
0.597000        2.0454216866480106
0.598000        2.0492712625773795
0.599000        2.053123106581097
0.600000        2.056977223982104
0.601000        2.0608336200980517
0.602000        2.0646923002412976
0.603000        2.0685532697188957
0.604000        2.072416533832584
0.605000        2.0762820978787797
0.606000        2.080149967148577
0.607000        2.0840201469277293
0.608000        2.0878926424966604
0.609000        2.0917674591304465
0.610000        2.0956446020988153
0.611000        2.0995240766661443
0.612000        2.1034058880914586
0.613000        2.1072900416284277
0.614000        2.111176542525362
0.615000        2.115065396025212
0.616000        2.11895660736557
0.617000        2.122850181778672
0.618000        2.1267461244913886
0.619000        2.130644440725236
0.620000        2.134545135696369
0.621000        2.1384482146155914
0.622000        2.1423536826883485
0.623000        2.14626154511474
0.624000        2.150171807089512
0.625000        2.154084473802069
0.626000        2.1579995504364717
0.627000        2.1619170421714475
0.628000        2.165836954180385
0.629000        2.1697592916313493
0.630000        2.17368405968708
0.631000        2.1776112635049962
0.632000        2.1815409082372064
0.633000        2.185472999030509
0.634000        2.189407541026407
0.635000        2.1933445393610995
0.636000        2.197283999165503
0.637000        2.2012259255652467
0.638000        2.2051703236806848
0.639000        2.2091171986269025
0.640000        2.2130665555137234
0.641000        2.2170183994457133
0.642000        2.2209727355221904
0.643000        2.224929568837233
0.644000        2.22888890447968
0.645000        2.232850747533151
0.646000        2.236815103076042
0.647000        2.2407819761815393
0.648000        2.244751371917621
0.649000        2.2487232953470713
0.650000        2.2526977515274833
0.651000        2.256674745511271
0.652000        2.2606542823456657
0.653000        2.2646363670727414
0.654000        2.2686210047294058
0.655000        2.272608200347417
0.656000        2.276597958953383
0.657000        2.280590285568776
0.658000        2.284585185209938
0.659000        2.288582662888082
0.660000        2.292582723609309
0.661000        2.296585372374601
0.662000        2.300590614179839
0.663000        2.3045984540158084
0.664000        2.3086088968681953
0.665000        2.312621947717602
0.666000        2.3166376115395515
0.667000        2.3206558933044885
0.668000        2.3246767979777925
0.669000        2.328700330519773
0.670000        2.332726495885682
0.671000        2.3367552990257145
0.672000        2.340786744885019
0.673000        2.3448208384036935
0.674000        2.3488575845167965
0.675000        2.3528969881543436
0.676000        2.3569390542413196
0.677000        2.3609837876976734
0.678000        2.365031193438327
0.679000        2.3690812763731746
0.680000        2.373134041407086
0.681000        2.377189493439907
0.682000        2.3812476373664673
0.683000        2.3853084780765688
0.684000        2.3893720204549975
0.685000        2.3934382693815284
0.686000        2.397507229730909
0.687000        2.4015789063728743
0.688000        2.4056533041721373
0.689000        2.4097304279883964
0.690000        2.413810282676325
0.691000        2.417892873085579
0.692000        2.4219782040607853
0.693000        2.4260662804415514
0.694000        2.430157107062449
0.695000        2.434250688753023
0.696000        2.4383470303377823
0.697000        2.442446136636196
0.698000        2.4465480124626886
0.699000        2.450652662626638
0.700000        2.4547600919323678
0.701000        2.458870305179145
0.702000        2.462983307161169
0.703000        2.4670991026675697
0.704000        2.4712176964824053
0.705000        2.475339093384637
0.706000        2.4794632981481417
0.707000        2.4835903155416954
0.708000        2.487720150328963
0.709000        2.491852807268492
0.710000        2.4959882911137026
0.711000        2.500126606612877
0.712000        2.5042677585091546
0.713000        2.5084117515405104
0.714000        2.5125585904397525
0.715000        2.5167082799345124
0.716000        2.520860824747224
0.717000        2.5250162295951224
0.718000        2.5291744991902174
0.719000        2.5333356382392918
0.720000        2.537499651443884
0.721000        2.5416665435002734
0.722000        2.5458363190994664
0.723000        2.550008982927178
0.724000        2.5541845396638223
0.725000        2.5583629939844954
0.726000        2.5625443505589534
0.727000        2.566728614051602
0.728000        2.5709157891214787
0.729000        2.5751058804222318
0.730000        2.579298892602104
0.731000        2.5834948303039162
0.732000        2.587693698165049
0.733000        2.5918955008174187
0.734000        2.596100242887463
0.735000        2.6003079289961164
0.736000        2.604518563758795
0.737000        2.608732151785375
0.738000        2.6129486976801672
0.739000        2.6171682060419013
0.740000        2.6213906814636996
0.741000        2.6256161285330553
0.742000        2.6298445518318143
0.743000        2.634075955936151
0.744000        2.6383103454165404
0.745000        2.6425477248377387
0.746000        2.646788098758762
0.747000        2.651031471732855
0.748000        2.655277848307474
0.749000        2.6595272330242583
0.750000        2.663779630419006
0.751000        2.6680350450216483
0.752000        2.672293481356226
0.753000        2.676554943940861
0.754000        2.680819437287731
0.755000        2.6850869659030465
0.756000        2.6893575342870193
0.757000        2.6936311469338357
0.758000        2.697907808331637
0.759000        2.7021875229624825
0.760000        2.706470295302333
0.761000        2.7107561298210108
0.762000        2.7150450309821785
0.763000        2.7193370032433126
0.764000        2.7236320510556755
0.765000        2.7279301788642822
0.766000        2.7322313911078755
0.767000        2.736535692218899
0.768000        2.7408430866234657
0.769000        2.745153578741329
0.770000        2.749467172985856
0.771000        2.7537838737639966
0.772000        2.7581036854762573
0.773000        2.76242661251667
0.774000        2.766752659272763
0.775000        2.7710818301255298
0.776000        2.7754141294494072
0.777000        2.7797495616122365
0.778000        2.784088130975242
0.779000        2.7884298418929987
0.780000        2.7927746987134014
0.781000        2.7971227057776407
0.782000        2.8014738674201674
0.783000        2.80582818796867
0.784000        2.810185671744037
0.785000        2.814546323060341
0.786000        2.8189101462247983
0.787000        2.823277145537743
0.788000        2.8276473252926024
0.789000        2.8320206897758666
0.790000        2.836397243267056
0.791000        2.8407769900387017
0.792000        2.8451599343563085
0.793000        2.8495460804783352
0.794000        2.853935432656158
0.795000        2.8583279951340526
0.796000        2.8627237721491614
0.797000        2.867122767931466
0.798000        2.8715249867037667
0.799000        2.8759304326816455
0.800000        2.880339110073452
0.801000        2.884751023080268
0.802000        2.8891661758958858
0.803000        2.8935845727067857
0.804000        2.898006217692105
0.805000        2.9024311150236173
0.806000        2.906859268865709
0.807000        2.911290683375352
0.808000        2.915725362702082
0.809000        2.9201633109879754
0.810000        2.9246045323676277
0.811000        2.9290490309681303
0.812000        2.9334968109090465
0.813000        2.937947876302392
0.814000        2.9424022312526183
0.815000        2.9468598798565804
0.816000        2.9513208262035278
0.817000        2.955785074375081
0.818000        2.960252628445213
0.819000        2.9647234924802266
0.820000        2.969197670538744
0.821000        2.9736751666716845
0.822000        2.9781559849222443
0.823000        2.9826401293258904
0.824000        2.9871276039103325
0.825000        2.991618412695516
0.826000        2.996112559693602
0.827000        3.000610048908962
0.828000        3.005110884338155
0.829000        3.0096150699699162
0.830000        3.0141226097851472
0.831000        3.0186335077569044
0.832000        3.023147767850391
0.833000        3.027665394022941
0.834000        3.0321863902240107
0.835000        3.03671076039517
0.836000        3.0412385084700997
0.837000        3.045769638374578
0.838000        3.0503041540264757
0.839000        3.054842059335746
0.840000        3.0593833582044283
0.841000        3.0639280545266363
0.842000        3.0684761521885573
0.843000        3.073027655068447
0.844000        3.0775825670366306
0.845000        3.082140891955495
0.846000        3.086702633679497
0.847000        3.091267796055158
0.848000        3.0958363829210622
0.849000        3.1004083981078665
0.850000        3.1049838454382925
0.851000        3.109562728727143
0.852000        3.1141450517812945
0.853000        3.118730818399701
0.854000        3.123320032373419
0.855000        3.1279126974855878
0.856000        3.1325088175114573
0.857000        3.1371083962183857
0.858000        3.141711437365853
0.859000        3.146317944705469
0.860000        3.1509279219809905
0.861000        3.1555413729283224
0.862000        3.160158301275535
0.863000        3.164778710742887
0.864000        3.1694026050428263
0.865000        3.1740299878800133
0.866000        3.1786608629513324
0.867000        3.1832952339459144
0.868000        3.187933104545152
0.869000        3.1925744784227206
0.870000        3.1972193592445937
0.871000        3.2018677506690683
0.872000        3.2065196563467833
0.873000        3.211175079920748
0.874000        3.2158340250263606
0.875000        3.2204964952914334
0.876000        3.2251624943362156
0.877000        3.2298320257734296
0.878000        3.2345050932082877
0.879000        3.2391817002385217
0.880000        3.243861850454415
0.881000        3.2485455474388374
0.882000        3.2532327947672623
0.883000        3.25792359600781
0.884000        3.2626179547212804
0.885000        3.2673158744611754
0.886000        3.2720173587737467
0.887000        3.2767224111980244
0.888000        3.281431035265854
0.889000        3.28614323450193
0.890000        3.290859012423846
0.891000        3.2955783725421153
0.892000        3.3003013183602246
0.893000        3.3050278533746766
0.894000        3.309757981075016
0.895000        3.314491704943885
0.896000        3.319229028457066
0.897000        3.3239699550835162
0.898000        3.328714488285419
0.899000        3.333462631518234
0.900000        3.3382143882307354
0.901000        3.342969761865062
0.902000        3.3477287558567674
0.903000        3.352491373634864
0.904000        3.357257618621883
0.905000        3.362027494233912
0.906000        3.366801003880651
0.907000        3.371578150965467
0.908000        3.3763589388854474
0.909000        3.381143371031449
0.910000        3.385931450788153
0.911000        3.390723181534126
0.912000        3.3955185666418632
0.913000        3.4003176094778613
0.914000        3.4051203134026586
0.915000        3.409926681770907
0.916000        3.4147367179314188
0.917000        3.4195504252272357
0.918000        3.424367806995683
0.919000        3.429188866568424
0.920000        3.4340136072715346
0.921000        3.4388420324255513
0.922000        3.4436741453455486
0.923000        3.4485099493411813
0.924000        3.4533494477167697
0.925000        3.458192643771344
0.926000        3.4630395407987233
0.927000        3.467890142087567
0.928000        3.4727444509214536
0.929000        3.477602470578935
0.930000        3.4824642043336116
0.931000        3.487329655454193
0.932000        3.4921988272045663
0.933000        3.4970717228438684
0.934000        3.5019483456265466
0.935000        3.506828698802428
0.936000        3.511712785616796
0.937000        3.5166006093104514
0.938000        3.5214921731197837
0.939000        3.526387480276842
0.940000        3.5312865340094053
0.941000        3.5361893375410514
0.942000        3.5410958940912263
0.943000        3.5460062068753224
0.944000        3.550920279104737
0.945000        3.5558381139869564
0.946000        3.56075971472562
0.947000        3.5656850845205916
0.948000        3.570614226568038
0.949000        3.575547144060492
0.950000        3.5804838401869343
0.951000        3.585424318132855
0.952000        3.5903685810803356
0.953000        3.595316632208119
0.954000        3.600268474691676
0.955000        3.60522411170329
0.956000        3.6101835464121113
0.957000        3.615146781984256
0.958000        3.620113821582848
0.959000        3.6250846683681175
0.960000        3.6300593254974594
0.961000        3.6350377961255127
0.962000        3.640020083404224
0.963000        3.6450061904829294
0.964000        3.649996120508426
0.965000        3.654989876625036
0.966000        3.6599874619746906
0.967000        3.6649888796969865
0.968000        3.669994132929274
0.969000        3.6750032248067175
0.970000        3.680016158462367
0.971000        3.685032937027236
0.972000        3.6900535636303697
0.973000        3.695078041398908
0.974000        3.7001063734581656
0.975000        3.7051385629316975
0.976000        3.710174612941369
0.977000        3.715214526607424
0.978000        3.7202583070485566
0.979000        3.7253059573819733
0.980000        3.730357480723473
0.981000        3.7354128801875
0.982000        3.740472158887222
0.983000        3.745535319934591
0.984000        3.7506023664404147
0.985000        3.755673301514422
0.986000        3.7607481282653197
0.987000        3.7658268498008667
0.988000        3.7709094692279397
0.989000        3.775995989652589
0.990000        3.7810864141801073
0.991000        3.7861807459150896
0.992000        3.7912789879614994
0.993000        3.7963811434227246
0.994000        3.801487215401645
0.995000        3.806597207000687
0.996000        3.8117111213218884
0.997000        3.816828961466955
0.998000        3.821950730537317
0.999000        3.827076431634186
1.000000        3.8322060678586194
1.001000        3.837339642311571
1.002000        3.8424771580939474
1.003000        3.8476186183066634
1.004000        3.852764026050698
1.005000        3.8579133844271407
1.006000        3.8630666965372527
1.007000        3.8682239654825175
1.008000        3.873385194364687
1.009000        3.8785503862858324
1.010000        3.883719544348404
1.011000        3.888892671655263
1.012000        3.894069771309745
1.013000        3.8992508464156934
1.014000        3.9044359000775177
1.015000        3.9096249354002293
1.016000        3.914817955489493
1.017000        3.9200149634516617
1.018000        3.9252159623938283
1.019000        3.9304209554238625
1.020000        3.935629945650456
1.021000        3.940842936183147
1.022000        3.94605993013238
1.023000        3.9512809306095296
1.024000        3.9565059407269434
1.025000        3.9617349635979764
1.026000        3.966968002337021
1.027000        3.972205060059551
1.028000        3.9774461398821455
1.029000        3.982691244922524
1.030000        3.987940378299575
1.031000        3.9931935431333923
1.032000        3.998450742545298
1.033000        4.003711979657869
1.034000        4.008977257594964
1.035000        4.01424657948176
1.036000        4.019519948444758
1.037000        4.024797367611823
1.038000        4.0300788401121945
1.039000        4.035364369076515
1.040000        4.040653957636845
1.041000        4.045947608926689
1.042000        4.051245326080998
1.043000        4.056547112236213
1.044000        4.061852970530248
1.045000        4.0671629041025295
1.046000        4.072476916094001
1.047000        4.077795009647131
1.048000        4.083117187905932
1.049000        4.088443454015962
1.050000        4.093773811124331
1.051000        4.099108262379728
1.052000        4.104446810932398
1.053000        4.1097894599341735
1.054000        4.115136212538456
1.055000        4.1204870719002376
1.056000        4.125842041176087
1.057000        4.131201123524159
1.058000        4.136564322104185
1.059000        4.141931640077479
1.060000        4.147303080606926
1.061000        4.152678646856984
1.062000        4.158058341993671
1.063000        4.163442169184563
1.064000        4.16883013159878
1.065000        4.174222232406974
1.066000        4.1796184747813285
1.067000        4.185018861895534
1.068000        4.190423396924775
1.069000        4.195832083045721
1.070000        4.2012449234365015
1.071000        4.206661921276696
1.072000        4.212083079747304
1.073000        4.2175084020307345
1.074000        4.22293789131078
1.075000        4.228371550772582
1.076000        4.233809383602624
1.077000        4.2392513929886935
1.078000        4.244697582119855
1.079000        4.250147954186419
1.080000        4.2556025123799195
1.081000        4.26106125989307
1.082000        4.266524199919742
1.083000        4.271991335654924
1.084000        4.277462670294675
1.085000        4.282938207036102
1.086000        4.2884179490773136
1.087000        4.293901899617376
1.088000        4.299390061856281
1.089000        4.304882438994888
1.090000        4.310379034234881
1.091000        4.315879850778739
1.092000        4.321384891829659
1.093000        4.326894160591527
1.094000        4.332407660268862
1.095000        4.337925394066753
1.096000        4.343447365190816
1.097000        4.348973576847131
1.098000        4.354504032242188
1.099000        4.360038734582824
1.100000        4.365577687076161
1.101000        4.371120892929547
1.102000        4.3766683553504855
1.103000        4.382220077546579
1.104000        4.38777606272545
1.105000        4.393336314094677
1.106000        4.398900834861724
1.107000        4.404469628233873
1.108000        4.410042697418129
1.109000        4.415620045621171
1.110000        4.421201676049256
1.111000        4.426787591908138
1.112000        4.432377796403001
1.113000        4.437972292738365
1.114000        4.443571084118005
1.115000        4.449174173744854
1.116000        4.4547815648209355
1.117000        4.460393260547249
1.118000        4.466009264123699
1.119000        4.471629578748983
1.120000        4.477254207620511
1.121000        4.4828831539342975
1.122000        4.488516420884865
1.123000        4.494154011665145
1.124000        4.499795929466366
1.125000        4.505442177477963
1.126000        4.511092758887457
1.127000        4.516747676880351
1.128000        4.522406934640022
1.129000        4.5280705353476005
1.130000        4.533738482181857
1.131000        4.5394107783190965
1.132000        4.545087426933025
1.133000        4.5507684311946335
1.134000        4.55645379427208
1.135000        4.562143519330554
1.136000        4.567837609532161
1.137000        4.573536068035777
1.138000        4.579238897996941
1.139000        4.584946102567702
1.140000        4.590657684896488
1.141000        4.5963736481279724
1.142000        4.602093995402933
1.143000        4.607818729858105
