0.005000        0.0146286363404311
0.010000        0.028904262891048305
0.015000        0.04324903769959576
0.020000        0.05754604371789718
0.025000        0.07190055742294099
0.030000        0.0862586867842019
0.035000        0.10066734993589677
0.040000        0.11509788572903545
0.045000        0.12957540103116472
0.050000        0.14408340003056352
0.055000        0.15863646751939697
0.060000        0.17322469409871033
0.065000        0.18785691498051982
0.070000        0.20252707014899407
0.075000        0.21724061637026537
0.080000        0.23199386401581457
0.085000        0.2467901869071838
0.090000        0.2616274113585888
0.095000        0.2765075809402422
0.100000        0.291429520341838
0.105000        0.30639439941664826
0.110000        0.3214017165701577
0.115000        0.3364520538793201
0.120000        0.3515453742689427
0.125000        0.36668185571345013
0.130000        0.381861787948532
0.135000        0.3970850652950695
0.140000        0.4123522120448939
0.145000        0.42766291925124555
0.150000        0.4430178830294338
0.155000        0.4584166456468459
0.160000        0.4738600318174875
0.165000        0.48934747247204946
0.170000        0.5048798907718215
0.175000        0.5204566324016913
0.180000        0.5360786976821643
0.185000        0.5517453654782365
0.190000        0.5674576980487416
0.195000        0.5832149206393957
0.200000        0.5990181464133464
0.205000        0.614866556604305
0.210000        0.6307613071551934
0.215000        0.6467015424049816
0.220000        0.6626884549860943
0.225000        0.6787211577226309
0.230000        0.6948008752767674
0.235000        0.7109266931174467
0.240000        0.7270998642885029
0.245000        0.7433194502009197
0.250000        0.7595867293518932
0.255000        0.7759007417776367
0.260000        0.7922627890161351
0.265000        0.8086718919713558
0.270000        0.8251293731821452
0.275000        0.84163423634336
0.280000        0.8581878232269542
0.285000        0.8747891220074298
0.290000        0.8914394921236255
0.295000        0.9081379077437273
0.300000        0.9248857445590826
0.305000        0.9416819641127976
0.310000        0.9585279570512348
0.315000        0.9754226735703142
0.320000        0.992367518066203
0.325000        1.0093614305828709
0.330000        1.0264058281360882
0.335000        1.0434996417450009
0.340000        1.0606442999775894
0.345000        1.0778387258974504
0.350000        1.0950843586116168
0.355000        1.1123801142467844
0.360000        1.1297274414840288
0.365000        1.1471252504863152
0.370000        1.1645749985875504
0.375000        1.1820755909183553
0.380000        1.1996284925849263
0.385000        1.2172326045778394
0.390000        1.2348893989333565
0.395000        1.2525977733572642
0.400000        1.2703592060102196
0.405000        1.288172592133007
0.410000        1.3060394152401393
0.415000        1.3239585688930031
0.420000        1.3419315412233797
0.425000        1.3599572248657914
0.430000        1.378037111865618
0.435000        1.3961700946509552
0.440000        1.4143576685090942
0.445000        1.4325987263509585
0.450000        1.4508947660651543
0.455000        1.4692446817043976
0.460000        1.4876499731482227
0.465000        1.5061095362206718
0.470000        1.524624872211188
0.475000        1.5431948793160988
0.480000        1.5618210596822415
0.485000        1.5805023144514774
0.490000        1.5992401461031776
0.495000        1.61803345927113
0.500000        1.6368837562691656
0.505000        1.6557899457434146
0.510000        1.6747535293700206
0.515000        1.6937734203027475
0.520000        1.7128511191329672
0.525000        1.731985543993126
0.530000        1.7511781939669362
0.535000        1.7704279926131914
0.540000        1.7897364371084006
0.545000        1.8091024568628349
0.550000        1.828527546768754
0.555000        1.84801064249136
0.560000        1.867553236283264
0.565000        1.887154270447219
0.570000        1.9068152342616127
0.575000        1.9265350770293512
0.580000        1.9463152847400327
0.585000        1.966154814040122
0.590000        1.9860551473350707
0.595000        2.0060152489398906
0.600000        2.0260365973989636
0.605000        2.0461181650032128
0.610000        2.0662614261766894
0.615000        2.086465361476712
0.620000        2.1067314409646656
0.625000        2.1270586537386116
0.630000        2.1474484652711396
0.635000        2.167899873459973
0.640000        2.188414338978278
0.645000        2.2089908687676285
0.650000        2.2296309185059684
0.655000        2.25033350440885
0.660000        2.271100076977362
0.665000        2.291929661917754
0.670000        2.3128237043861564
0.675000        2.3337812397834607
0.680000        2.354803707765658
0.685000        2.3758901536200483
0.690000        2.397042011359627
0.695000        2.4182583363382797
0.700000        2.4395405567949133
0.705000        2.460887738319153
0.710000        2.4823013032559356
0.715000        2.503780327589288
0.720000        2.525326227660978
0.725000        2.5469380899981413
0.730000        2.56861732484035
0.735000        2.5903630293970963
0.740000        2.612176607716423
0.745000        2.6340571678204423
0.750000        2.656006107485563
0.755000        2.6780225456682523
0.760000        2.7001078738019544
0.765000        2.7222612218911646
0.770000        2.7444839749633783
0.775000        2.766775274177128
0.780000        2.7891364980989124
0.785000        2.811566799140074
0.790000        2.8340675493586147
0.795000        2.8566379125105925
0.800000        2.879279254105178
0.805000        2.901990749328574
0.810000        2.924773757107598
0.815000        2.9476274641378843
0.820000        2.9705532227368447
0.825000        2.993550231183045
0.830000        3.016619835163585
0.835000        3.0397612446079947
0.840000        3.0629757985579698
0.845000        3.0862627186568847
0.850000        3.1096233372914757
0.855000        3.133056887876979
0.860000        3.1565646961408618
0.865000        3.1801460073236534
0.870000        3.203802140494224
0.875000        3.227532352767522
0.880000        3.251337956559208
0.885000        3.2752182209037066
0.890000        3.2991744515733377
0.895000        3.323205929563258
0.900000        3.3473139540165437
0.905000        3.371497817926757
0.910000        3.395758813825868
0.915000        3.420096246740142
0.920000        3.444511402612383
0.925000        3.4690035985327157
0.930000        3.4935741138803316
0.935000        3.518222277837415
0.940000        3.542949363248523
0.945000        3.567754711413331
0.950000        3.592639588673986
0.955000        3.6176033484704995
0.960000        3.6426472506779106
0.965000        3.6677706608969896
0.970000        3.6929748325738885
0.975000        3.718259143488307
0.980000        3.743624840698489
0.985000        3.769071314179124
0.990000        3.7945998046441574
0.995000        3.820209714277368
1.000000        3.84590227749449
1.005000        3.871676908700671
1.010000        3.897534836061878
1.015000        3.9234754862152084
1.020000        3.9495000811275514
1.025000        3.9756080596769543
1.030000        4.001800637684045
1.035000        4.028077266275357
1.040000        4.05443915518009
1.045000        4.080885767779451
1.050000        4.10741830776796
1.055000        4.134036250786444
1.060000        4.160740794553311
1.065000        4.187531426972781
1.070000        4.214409339847464
1.075000        4.241374033347693
1.080000        4.268426693422244
1.085000        4.295566832509296
1.090000        4.322795630767322
1.095000        4.350112612903187
1.100000        4.3775189533500996
1.105000        4.405014189083616
1.110000        4.432599488878163
1.115000        4.4602744019772285
1.120000        4.488040091564303
1.125000        4.515896119149378
1.130000        4.543843642394153
1.135000        4.571882235073062
1.140000        4.6000130493964235
1.145000        4.628235671400468
1.150000        4.656551247915761
1.155000        4.684959377237169
1.160000        4.7134612008882755
1.165000        4.742056329418958
1.170000        4.770745899119708
1.175000        4.7995295327913645
1.180000        4.828408361566289
1.185000        4.8573820204918565
1.190000        4.886451635618293
1.195000        4.915616854234738
1.200000        4.944878797386286
1.205000        4.974237124598778
1.210000        5.00369295199013
1.215000        5.0332459513175465
1.220000        5.062897233850679
1.225000        5.092646483572532
1.230000        5.122494806984291
1.235000        5.152441900288984
1.240000        5.182488865300032
1.245000        5.212635410434547
1.250000        5.242882632899743
1.255000        5.273230253320701
1.260000        5.30367936438083
1.265000        5.334229698906954
1.270000        5.364882345141902
1.275000        5.395637048107895
1.280000        5.42649489169121
1.285000        5.4574556331030415
1.290000        5.488520351957927
1.295000        5.5196888176495325
1.300000        5.550962105606253
1.305000        5.582339997397671
1.310000        5.613823564352389
1.315000        5.6454126002093155
1.320000        5.677108172284365
1.325000        5.708910086479143
1.330000        5.7408194061847215
1.335000        5.772835949458775
1.340000        5.804960775856097
1.345000        5.837193715583794
1.350000        5.869535824449683
1.355000        5.90198694480366
1.360000        5.934548128796573
1.365000        5.967219230914498
1.370000        6.000001299742021
1.375000        6.032894201894798
1.380000        6.065898982482583
1.385000        6.099015520244038
1.390000        6.132244856906183
1.395000        6.165586883324181
1.400000        6.199042637935104
1.405000        6.2326120237041245
1.410000        6.266296075871864
1.415000        6.3000947095070465
1.420000        6.334008956748008
1.425000        6.368038744760646
1.430000        6.402185102675858
1.435000        6.436447969750358
1.440000        6.470828372203123
1.445000        6.505326261375416
1.450000        6.5399426606704765
1.455000        6.574677533507881
1.460000        6.609531900571998
1.465000        6.644505737354553
1.470000        6.679600061918567
1.475000        6.7148148618218
1.480000        6.7501511526041185
1.485000        6.785608933883278
1.490000        6.82118921877483
1.495000        6.856892018950543
1.500000        6.8927183452011676
1.505000        6.928668221246561
1.510000        6.9647426556528345
1.515000        7.00094168418207
1.520000        7.0372663132765645
1.525000        7.0737165907348185
1.530000        7.110293520976793
1.535000        7.146997163831653
1.540000        7.18382852179915
1.545000        7.220787666733436
1.550000        7.257875599316812
1.555000        7.295092403422775
1.560000        7.332439078019611
1.565000        7.369915718994566
1.570000        7.407523323705977
1.575000        7.445262000049297
1.580000        7.4831327438776185
1.585000        7.521135675089116
1.590000        7.559271788136986
1.595000        7.5975412149166495
1.600000        7.6359449485874045
1.605000        7.674483133036492
1.610000        7.71315676023594
1.615000        7.751965986059403
1.620000        7.790911801398909
1.625000        7.829994374109134
1.630000        7.869214694110028
1.635000        7.908572941231903
1.640000        7.948070104531158
1.645000        7.987706375808379
1.650000        8.02748274336561
1.655000        8.067399410968292
1.660000        8.107457366273962
1.665000        8.147656825007488
1.670000        8.187998774292378
1.675000        8.228483441807462
1.680000        8.269111814253346
1.685000        8.309884131257288
1.690000        8.3508013792088
1.695000        8.391863809677947
1.700000        8.433072408855601
1.705000        8.474427440248913
1.710000        8.515929889963285
1.715000        8.557580033437063
1.720000        8.59937885680404
1.725000        8.641326647427721
1.730000        8.683424391584879
1.735000        8.725672388557879
1.740000        8.768071624881848
1.745000        8.81062241175147
1.750000        8.853325736076364
1.755000        8.89618192095666
1.760000        8.939191953793468
1.765000        8.98235616958506
1.770000        9.025675556341973
1.775000        9.069150460952805
1.780000        9.112781872156429
1.785000        9.156570148723372
1.790000        9.200516280240848
1.795000        9.244620637352142
1.800000        9.28888421061405
1.805000        9.333307382532539
1.810000        9.377891144756592
1.815000        9.422635891643647
1.820000        9.467542616059102
1.825000        9.512611724199289
1.830000        9.55784421027208
1.835000        9.603240492298383
1.840000        9.648801565956834
1.845000        9.694527861076491
1.850000        9.74042037493766
1.855000        9.786479549158486
1.860000        9.832706382755035
1.865000        9.879101329112157
1.870000        9.925665389119708
1.875000        9.972399027902657
1.880000        10.0193032483676
1.885000        10.066378527347705
1.890000        10.11362586991537
1.895000        10.161045764573277
1.900000        10.208639218716527
1.905000        10.256406732469806
1.910000        10.304349315717907
1.915000        10.352467480148622
1.920000        10.400762238316467
1.925000        10.449234113398468
1.930000        10.497884120816117
1.935000        10.54671279514201
1.940000        10.595721154884608
1.945000        10.644909745892004
1.950000        10.694279590010197
1.955000        10.743831244207072
1.960000        10.793565733958065
1.965000        10.843483627146657
1.970000        10.893585953226296
1.975000        10.9438732907251
1.980000        10.994346673501429
1.985000        11.045006690364257
1.990000        11.095854380113437
1.995000        11.146890341344424
2.000000        11.198115618490345
2.005000        11.249530819252943
2.010000        11.301136994612573
2.015000        11.352934760429644
2.020000        11.404925175467568
2.025000        11.45710886240811
2.030000        11.509486889505578
2.035000        11.562059884350958
2.040000        11.614828927098138
2.045000        11.667794647476526
2.050000        11.720958141002114
2.055000        11.774320035472634
2.060000        11.827881446834017
2.065000        11.88164299489021
2.070000        11.935605823562806
2.075000        11.989770535504732
2.080000        12.044138314035383
2.085000        12.098709730624385
2.090000        12.15348602555888
2.095000        12.208467717307666
2.100000        12.263656130581662
2.105000        12.319051696422793
2.110000        12.37465586754455
2.115000        12.430468932422873
2.120000        12.486492542023374
2.125000        12.542726752594088
2.130000        12.599173528360836
2.135000        12.65583254529028
2.140000        12.712706272086681
2.145000        12.769793756127722
2.150000        12.827098293483793
2.155000        12.884617879838224
2.160000        12.9423571923599
2.165000        13.000312442226836
2.170000        13.058490652187931
2.175000        13.116884957707928
2.180000        13.175506433754176
2.185000        13.234342821047882
2.190000        13.29341231817336
2.195000        13.352693004598404
2.200000        13.412215849502338
2.205000        13.471941118765095
2.210000        13.531923330074552
2.215000        13.592088094414848
2.220000        13.652535977926842
2.225000        13.713115729885569
2.230000        13.774033139852197
2.235000        13.834868209011493
2.240000        13.896257982957032
2.245000        13.957508044452293
2.250000        14.019253050636209
2.255000        14.08097070259527
2.260000        14.143279407769093
2.265000        14.205392008271833
2.270000        14.268229891923834
2.275000        14.331055778359477
2.280000        14.394328686923135
2.285000        14.457826990389098
2.290000        14.521537250939996
2.295000        14.585293941550074
2.300000        14.649579257412555
2.305000        14.714050576857119
2.310000        14.778635835392947
2.315000        14.843028417445904
2.320000        14.907976465173832
2.325000        14.973528111371017
2.330000        15.038853443901274
2.335000        15.104681730036042
2.340000        15.170253547385844
2.345000        15.236095949779646
2.350000        15.301983671010507
2.355000        15.368516812207979
2.360000        15.434593644665238
2.365000        15.501001578676544
2.370000        15.567408254053664
2.375000        15.6338958011285
2.380000        15.700545659668972
2.385000        15.767225093500024
2.390000        15.834066834005736
2.395000        15.901413763722083
2.400000        15.968392541820354
2.405000        16.035583466321324
2.410000        16.102868775926765
2.415000        16.169941292998505
2.420000        16.237567426891122
2.425000        16.30521934089967
2.430000        16.37303233420204
2.435000        16.441128298799676
2.440000        16.50903825444866
2.445000        16.577013679432586
2.450000        16.645427399060072
2.455000        16.713081802290247
2.460000        16.78187600529069
2.465000        16.850420653944504
2.470000        16.918898067219402
2.475000        16.988034296777734
2.480000        17.057306934389338
2.485000        17.126882567020917
2.490000        17.196074662568094
2.495000        17.26476825666388
2.500000        17.333822920197903
2.505000        17.403439376606098
2.510000        17.47283600382234
2.515000        17.54238378118013
2.520000        17.611814262700435
2.525000        17.68165117747076
2.530000        17.75128807743275
2.535000        17.821037808834596
2.540000        17.890513376538756
2.545000        17.960452625536195
2.550000        18.03006239936668
2.555000        18.09995279587581
2.560000        18.16966662484511
2.565000        18.23875103210887
2.570000        18.30878525106593
2.575000        18.37772541374311
2.580000        18.447880419235453
2.585000        18.517233839233924
2.590000        18.58751308794678
2.595000        18.657474301080324
2.600000        18.72773242162884
2.605000        18.796961771621813
2.610000        18.867195152633894
2.615000        18.93723535044969
2.620000        19.007557967821395
2.625000        19.077877597017196
2.630000        19.148025224876807
2.635000        19.216037518364296
2.640000        19.28635230300461
2.645000        19.35561142117718
2.650000        19.42593604941924
2.655000        19.496776069653357
2.660000        19.56711343602229
2.665000        19.63814379411308
2.670000        19.708439380335964
2.675000        19.779576315793985
2.680000        19.85020286104324
2.685000        19.921750435746738
2.690000        19.992327817623178
2.695000        20.06367877232384
2.700000        20.133492270688485
2.705000        20.20486393368603
2.710000        20.27421821006996
2.715000        20.345131285832025
2.720000        20.41501605767761
2.725000        20.486058410633046
2.730000        20.556439788410042
2.735000        20.626901109582846
2.740000        20.696396389642082
2.745000        20.76681017898796
2.750000        20.836478908509164
2.755000        20.907209240775504
2.760000        20.976877908764703
2.765000        21.047048428071594
2.770000        21.116948227886997
2.775000        21.18753274919983
2.780000        21.25760378254263
2.785000        21.328083024413505
2.790000        21.398468437464665
2.795000        21.469039430500366
2.800000        21.53970691924887
2.805000        21.610216927498996
2.810000        21.679833494367333
2.815000        21.75028332434243
2.820000        21.816849910461663
2.825000        21.887182510035995
2.830000        21.956425862570452
2.835000        22.02684855490685
2.840000        22.096163036766903
2.845000        22.16673402557069
2.850000        22.235896039692527
2.855000        22.306271824973557
2.860000        22.375469099611507
2.865000        22.44538353795508
2.870000        22.51492226581267
2.875000        22.58541047865615
2.880000        22.655337694931134
2.885000        22.72539324245816
2.890000        22.79317574165205
2.895000        22.863901387459094
2.900000        22.933991440401805
2.905000        23.003891532779853
2.910000        23.073860157618547
2.915000        23.145366321718583
2.920000        23.21485667011006
2.925000        23.283055976638913
2.930000        23.35303924929837
2.935000        23.415893500691567
2.940000        23.485725477065564
2.945000        23.5555888318883
2.950000        23.625278914460978
2.955000        23.695162567843987
2.960000        23.764536965514125
2.965000        23.83295871557022
2.970000        23.903276751306954
2.975000        23.971396615025505
2.980000        24.041662986237185
2.985000        24.109187320426983
