0.001000        0.006989230934033586
0.002000        0.013978526459762719
0.003000        0.020972500362928415
0.004000        0.027973522390226435
0.005000        0.0349826460814473
0.006000        0.0420001489586852
0.007000        0.049025855617378156
0.008000        0.0560593336789772
0.009000        0.06310001409721089
0.010000        0.07014726553103756
0.011000        0.077200440283967
0.012000        0.08425890233652389
0.013000        0.09132204393980814
0.014000        0.09838929482727465
0.015000        0.10546012663973414
0.016000        0.1125340542532065
0.017000        0.11961063512695524
0.018000        0.12668946741988307
0.019000        0.13377018738076885
0.020000        0.1408524663553674
0.021000        0.1479360076427838
0.022000        0.15502054335725468
0.023000        0.16210583139815604
0.024000        0.16919165259353797
0.025000        0.17627780805034554
0.026000        0.18336411675880093
0.027000        0.19045041340421598
0.028000        0.19753654643559315
0.029000        0.20462237635776326
0.030000        0.21170777423908582
0.031000        0.2187926204196895
0.032000        0.22587680340389937
0.033000        0.23296021892008412
0.034000        0.2400427691313034
0.035000        0.24712436198070087
0.036000        0.2542049106564441
0.037000        0.2612843331620418
0.038000        0.26836255197899206
0.039000        0.27543949380985566
0.040000        0.28251508939102443
0.041000        0.28958927336555185
0.042000        0.29666198420750334
0.043000        0.3037331641902341
0.044000        0.310802759391958
0.045000        0.31787071973280057
0.046000        0.3249369990382558
0.047000        0.33200155512468577
0.048000        0.3390643499030759
0.049000        0.3461253494977914
0.050000        0.3531845243775589
0.051000        0.360241849496278
0.052000        0.3672973044416423
0.053000        0.3743508735897958
0.054000        0.3814025462645656
0.055000        0.3884523168999525
0.056000        0.3955001852047726
0.057000        0.40254615632846225
0.058000        0.4095902410271606
0.059000        0.4166324558292729
0.060000        0.4236728231997535
0.061000        0.4307113717023956
0.062000        0.4377481361594082
0.063000        0.4447831578075725
0.064000        0.4518164844502177
0.065000        0.45884817060423977
0.066000        0.4658782776413162
0.067000        0.47290687392240116
0.068000        0.47993403492450426
0.069000        0.48695984335865283
0.070000        0.49398438927782173
0.071000        0.5010077701734961
0.072000        0.5080300910593945
0.073000        0.5150514645406972
0.074000        0.5220720108669852
0.075000        0.5290918579668933
0.076000        0.5361111414622659
0.077000        0.5431300046593819
0.078000        0.5501485985145802
0.079000        0.5571670815713219
0.080000        0.564185619865448
0.081000        0.5712043867950563
0.082000        0.5782235629510488
0.083000        0.5852433359040266
0.084000        0.5922638999427576
0.085000        0.5992854557589418
0.086000        0.6063082100724735
0.087000        0.6133323751907653
0.088000        0.6203581684950468
0.089000        0.627385811845711
0.090000        0.6344155308979591
0.091000        0.6414475543179297
0.092000        0.6484821128883489
0.093000        0.6555194384913623
0.094000        0.6625597629546522
0.095000        0.6696033167450484
0.096000        0.6766503274916431
0.097000        0.6837010183178176
0.098000        0.6907556059584063
0.099000        0.6978142986344391
0.100000        0.704877293653265
0.101000        0.7119447746962138
0.102000        0.719016908748932
0.103000        0.726093842620898
0.104000        0.7331756989897205
0.105000        0.7402625718921829
0.106000        0.7473545215666455
0.107000        0.7544515685292055
0.108000        0.7615536867374821
0.109000        0.7686607956587839
0.110000        0.7757727510109511
0.111000        0.7828893338802079
0.112000        0.7900102378574356
0.113000        0.7971350535903792
0.114000        0.804263250318062
0.115000        0.8113941533211904
0.116000        0.8185269162516171
0.117000        0.8256604867886956
0.118000        0.8327935635498704
0.119000        0.8399245414351117
0.120000        0.8470514415536048
0.121000        0.8541718204736028
0.122000        0.861282651661071
0.123000        0.8683801696027498
0.124000        0.875459664466117
0.125000        0.882515213199051
0.126000        0.8895393347174867
0.127000        0.8965225705596023
0.128000        0.9034530395534581
0.129000        0.9103161477727095
0.130000        0.9170949669979045
0.131000        0.923772514917319
0.132000        0.9303383294155694
0.133000        0.9368021595129665
0.134000        0.9432131225667693
0.135000        0.9496711951757408
0.136000        0.9563171448003391
0.137000        0.9633130017202252
0.138000        0.9708370447793797
0.139000        0.9790951655582081
0.140000        0.9883375018347458
0.141000        0.9988735307415855
0.142000        1.0110826825647337
0.143000        1.0254171341865135
0.144000        1.0423921127238565
0.145000        1.0625597381197842
0.146000        1.0864660896827463
0.147000        1.1145949705429938
0.148000        1.1473019226562435
0.149000        1.1847513927640563
0.150000        1.2269342306430477
0.151000        1.2739440815022594
0.152000        1.3265430089703294
0.153000        1.386516411106422
0.154000        1.4563459655397288
0.155000        1.5386795930085242
0.156000        1.6362654039212252
0.157000        1.751978570984269
0.158000        1.888158483874765
0.159000        2.0458081559201062
0.160000        2.223751045541613
0.161000        2.418315083501634
0.162000        2.625721275489907
0.163000        2.843929189238432
0.164000        3.0875146066225874
0.165000        3.3879834950029455
0.166000        3.751462242621354
