0.025000        0.07176114086935748
0.050000        0.14313932378141736
0.075000        0.21608896268664246
0.100000        0.2896610969604847
0.125000        0.3645838100784715
0.150000        0.440335631925338
0.175000        0.5173749091773292
0.200000        0.5953483735338434
0.225000        0.6745987149194104
0.250000        0.7548585400224983
0.275000        0.8364062368899212
0.300000        0.9190268649564857
0.325000        1.0029576945434648
0.350000        1.0880195757547195
0.375000        1.1744211992189282
0.400000        1.2620096251781927
0.425000        1.3509726004659104
0.450000        1.4411773332871025
0.475000        1.5327956699078058
0.500000        1.6257108694533784
0.525000        1.720082407568734
0.550000        1.8158066913019528
0.575000        1.913033407114689
0.600000        2.011669979040329
0.625000        2.111858258869024
0.650000        2.2135150802474364
0.675000        2.316775983152878
0.700000        2.4215659722304643
0.725000        2.5280154915391613
0.750000        2.636056746033054
0.775000        2.745816075690664
0.800000        2.857232114919082
0.825000        2.9704279243997984
0.850000        3.085347949586005
0.875000        3.202112669905574
0.900000        3.3206718420742707
0.925000        3.4411439647834587
0.950000        3.5634837001654684
0.975000        3.687808090790094
1.000000        3.814076373925351
1.025000        3.942404601043968
1.050000        4.072756315911976
1.075000        4.205246996857136
1.100000        4.339844276415786
1.125000        4.476663440414102
1.150000        4.615676034919645
1.175000        4.756997504330581
1.200000        4.9006031687610445
1.225000        5.046608958925061
1.250000        5.194993859748587
1.275000        5.345874597808288
1.300000        5.499233739236484
1.325000        5.655189102150107
1.350000        5.813726771902369
1.375000        5.974965943729478
1.400000        6.138896178213827
1.425000        6.305638326621892
1.450000        6.475185395315901
1.475000        6.6476601671362126
1.500000        6.823059075829068
1.525000        7.001507111382935
1.550000        7.183004123813518
1.575000        7.367677589633441
1.600000        7.555530766918846
1.625000        7.746693906400726
1.650000        7.941173663474956
1.675000        8.139103364910422
1.700000        8.340493042950335
1.725000        8.54547942429852
1.750000        8.754075877749791
1.775000        8.966422887422112
1.800000        9.182537083666993
1.825000        9.402563116551761
1.850000        9.626520745340965
1.875000        9.854559273394283
1.900000        10.086701361643726
1.925000        10.323101578885524
1.950000        10.5637851038179
1.975000        10.80891258712876
2.000000        11.058511075963917
2.025000        11.312748467157906
2.050000        11.571652562218034
2.075000        11.83540028698691
2.100000        12.104018235364006
2.125000        12.377695299476699
2.150000        12.656453281438058
2.175000        12.94049824593457
2.200000        13.229840345701884
2.225000        13.524712738089828
2.250000        13.825100067336745
2.275000        14.131282887490887
2.300000        14.443190521981403
2.325000        14.761195542703287
2.350000        15.08510315248003
2.375000        15.415483233808658
2.400000        15.751844189797108
2.425000        16.095221216132675
2.450000        16.444330504557637
2.475000        16.80145028230684
2.500000        17.1649510812023
2.525000        17.53641233652583
2.550000        17.91082176719634
2.575000        18.297382637979922
2.600000        18.68551106299801
2.625000        19.08779031287933
2.650000        19.49134250305739
2.675000        19.908730029290243
2.700000        20.338972171596737
2.725000        20.77336886978158
2.750000        21.198137648508233
2.775000        21.650424214485763
2.800000        22.097273197749047
2.825000        22.56296555436215
2.850000        23.026536520866223
2.875000        23.50526478252298
2.900000        23.98059212963816
2.925000        24.47150415252402
2.950000        24.957591378646647
2.975000        25.462746143186507
3.000000        25.958950873837345
3.025000        26.470117948997668
3.050000        26.978647232148937
3.075000        27.50136988348929
3.100000        28.016051422462674
3.125000        28.54501164843218
3.150000        29.072579073373362
3.175000        29.607089042393483
3.200000        30.144570427598623
3.225000        30.685681979077323
3.250000        31.23234222324193
3.275000        31.77805509727694
3.300000        32.33350405702992
3.325000        32.88595079231798
3.350000        33.44172963011101
3.375000        33.997843940781486
3.400000        34.55852455673294
3.425000        35.11636514440198
3.450000        35.68286899336434
3.475000        36.242604981376786
3.500000        36.80756951850984
3.525000        37.36937159679578
3.550000        37.93584337170574
3.575000        38.49824982473677
3.600000        39.064983034972
3.625000        39.6289185259923
3.650000        40.194398640171315
3.675000        40.75991044213017
3.700000        41.32563714330456
3.725000        41.89103309347023
3.750000        42.45762285064235
3.775000        43.02203542859392
3.800000        43.587606335485425
3.825000        44.15601000619987
3.850000        44.723134649765655
3.875000        45.29206291021025
3.900000        45.85721569244467
3.925000        46.42350498263835
3.950000        46.988074730718566
3.975000        47.55426341509038
4.000000        48.11875346463061
4.025000        48.68508804575191
4.050000        49.249354106070896
4.075000        49.81584492468537
4.100000        50.38072678649315
4.125000        50.94825301789421
4.150000        51.51210124600726
4.175000        52.07900397678229
4.200000        52.64391003149841
4.225000        53.21064539461478
4.250000        53.7751397497518
4.275000        54.34013581040283
4.300000        54.90477989460679
4.325000        55.47075304770466
4.350000        56.034396515116896
4.375000        56.600065941638476
4.400000        57.16371895462896
4.425000        57.72685910914774
4.450000        58.29038656123599
4.475000        58.853483937107384
4.500000        59.41718771164814
4.525000        59.97995735211798
4.550000        60.54496979989747
4.575000        61.108932491310085
4.600000        61.671891449106624
4.625000        62.23410094445531
4.650000        62.794919267487316
4.675000        63.35672237159821
4.700000        63.929542021091905
4.725000        64.49246192249456
4.750000        65.05462058951584
4.775000        65.61574895020581
4.800000        66.17594660950485
4.825000        66.73695196493975
4.850000        67.29733644215351
4.875000        67.85979345350675
4.900000        68.4210086488555
4.925000        68.97849027980007
4.950000        69.53867919242808
4.975000        70.0974868414986
5.000000        70.65762189258034
5.025000        71.21640276181225
5.050000        71.77624279601956
5.075000        72.33418252140969
5.100000        72.89385576786754
5.125000        73.45286497652036
5.150000        74.01219344572239
5.175000        74.57026997029479
5.200000        75.12848775358682
5.225000        75.68723432469282
5.250000        76.2442682344877
5.275000        76.80104956780029
5.300000        77.35791166308077
5.325000        77.91493116155145
5.350000        78.46798371167178
5.375000        79.02438644538657
5.400000        79.57972866363326
5.425000        80.13360186771456
5.450000        80.68925107885974
5.475000        81.24556105854883
5.500000        81.79695014280566
5.525000        82.35290825825957
5.550000        82.90726995630735
5.575000        83.46327726684316
5.600000        84.0155796975242
5.625000        84.57196474571774
5.650000        85.12596887876202
5.675000        85.6776429575846
5.700000        86.23101624116676
5.725000        86.78693115561765
5.750000        87.33941627143655
5.775000        87.8920788793874
5.800000        88.44445373870093
5.825000        88.99551342908559
5.850000        89.54848615007307
5.875000        90.10009814870445
5.900000        90.65113252094353
5.925000        91.20122837814927
5.950000        91.75570419444726
5.975000        92.30577509936249
6.000000        92.85705795693625
6.025000        93.40690212024538
6.050000        93.95735210127027
6.075000        94.50771030966212
6.100000        95.05809510729019
6.125000        95.60772629640121
6.150000        96.15606806923908
6.175000        96.70214131512533
6.200000        97.24829663691037
6.225000        97.79465693369151
6.250000        98.34213223315281
6.275000        98.88898021069994
6.300000        99.43683046123762
6.325000        99.98241616938975
6.350000        100.53012379450824
6.375000        101.05751748689072
6.400000        101.60299803693674
6.425000        102.15052867774268
6.450000        102.69560811478696
6.475000        103.23738624246268
6.500000        103.7802736929294
6.525000        104.32502671193298
6.550000        104.84638198707175
6.575000        105.39231800498385
6.600000        105.93439913238421
6.625000        106.47627341812179
6.650000        107.01480340043553
6.675000        107.55967828465242
6.700000        108.09873151430857
6.725000        108.64096365310797
6.750000        109.14557199099632
6.775000        109.68678562637926
6.800000        110.22530090835701
6.825000        110.76309015463693
6.850000        111.29720902615806
6.875000        111.8340391803542
6.900000        112.37402957972147
6.925000        112.91122927117928
6.950000        113.44862825722672
6.975000        113.98518790915676
7.000000        114.5211728076135
7.025000        115.07028867782313
7.050000        115.60426470528652
7.075000        116.13745512845156
7.100000        116.66968384283896
7.125000        117.20652469313323
7.150000        117.73846081499939
7.175000        118.27917518021988
7.200000        118.80753834104834
7.225000        119.33373829934797
7.250000        119.8605749317143
7.275000        120.38690995313283
7.300000        120.91370315654399
7.325000        121.43509505016871
7.350000        121.9586820473948
7.375000        122.48421421181109
7.400000        123.00743837345658
7.425000        123.53343653214267
7.450000        124.05456697240766
7.475000        124.57934219581799
7.500000        125.08893193857173
7.525000        125.60999325505966
7.550000        126.129087678724
7.575000        126.64510888920836
7.600000        127.16171260100302
7.625000        127.68486754261843
7.650000        128.19887803666342
7.675000        128.7047229651925
7.700000        129.2148005137292
7.725000        129.721722602484
7.750000        130.23246214150595
7.775000        130.72387664916707
7.800000        131.2294278545857
7.825000        131.7325195762485
7.850000        132.2342517119447
7.875000        132.73324384033378
7.900000        133.22892915678938
7.925000        133.72750269133198
7.950000        134.21916659971487
7.975000        134.7104234371922
8.000000        135.1985469795679
8.025000        135.67915687383487
8.050000        136.16136373802533
8.075000        136.64010010486209
8.100000        137.11811433854254
8.125000        137.59207006082013
8.150000        138.07048097496428
8.175000        138.54069218521437
8.200000        139.0195079065898
8.225000        139.47141110763647
8.250000        139.45667660243654
8.275000        137.55337514367534
8.300000        136.03647975138057
8.325000        134.1865752552302
8.350000        132.5569615067899
