0.001000        0.0070940569173476575
0.002000        0.014229180556668553
0.003000        0.021380650635135723
0.004000        0.028538222165286342
0.005000        0.035697478925504456
0.006000        0.04285651856159589
0.007000        0.05001457382515362
0.008000        0.05717139806982274
0.009000        0.06432697688332034
0.010000        0.07148138865345999
0.011000        0.07863473686885136
0.012000        0.08578711825781049
0.013000        0.0929386091740465
0.014000        0.10008926126853623
0.015000        0.10723910176811202
0.016000        0.11438813588869579
0.017000        0.12153635008062658
0.018000        0.12868371543372525
0.019000        0.135830190911447
0.020000        0.14297572626804111
0.021000        0.1501202646005737
0.022000        0.15726374453769942
0.023000        0.1644061020907568
0.024000        0.1715472722021989
0.025000        0.17868719002828826
0.026000        0.18582579199127736
0.027000        0.19296301663290372
0.028000        0.20009880529720903
0.029000        0.20723310266690476
0.030000        0.21436585717403567
0.031000        0.2214970213027332
0.032000        0.2286265517991879
0.033000        0.23575440980184936
0.034000        0.24288056090297871
0.035000        0.2500049751488689
0.036000        0.2571276269972369
0.037000        0.2642484952209898
0.038000        0.27136756278031093
0.039000        0.2784848166617735
0.040000        0.2856002476904731
0.041000        0.292713850319382
0.042000        0.29982562239967514
0.043000        0.3069355649353174
0.044000        0.31404368182487197
0.045000        0.3211499795931818
0.046000        0.3282544671153449
0.047000        0.3353571553351813
0.048000        0.34245805698026643
0.049000        0.3495571862754616
0.050000        0.35665455865679085
0.051000        0.3637501904874476
0.052000        0.3708440987776438
0.053000        0.3779363009099992
0.054000        0.38502681437211095
0.055000        0.3921156564978858
0.056000        0.3992028442191895
0.057000        0.40628839382926607
0.058000        0.413372320759283
0.059000        0.4204546393692681
0.060000        0.42753536275449555
0.061000        0.43461450256823575
0.062000        0.4416920688615438
0.063000        0.4487680699405239
0.064000        0.45584251224119043
0.065000        0.46291540022179944
0.066000        0.4699867362721104
0.067000        0.4770565206387669
0.068000        0.48412475136554534
0.069000        0.4911914242469049
0.070000        0.498256532792853
0.071000        0.5053200682027903
0.072000        0.5123820193456226
0.073000        0.5194423727430824
0.074000        0.5265011125528538
0.075000        0.5335582205477891
0.076000        0.5406136760871956
0.077000        0.547667456075887
0.078000        0.5547195349064538
0.079000        0.5617698843798955
0.080000        0.5688184735995776
0.081000        0.5758652688331658
0.082000        0.5829102333369356
0.083000        0.5899533271365698
0.084000        0.5969945067581968
0.085000        0.6040337249030223
0.086000        0.611070930058391
0.087000        0.6181060660375426
0.088000        0.6251390714580332
0.089000        0.6321698790624506
0.090000        0.6391984150336381
0.091000        0.6462245981404529
0.092000        0.6532483387707071
0.093000        0.6602695378223018
0.094000        0.6672880854338672
0.095000        0.6743038595329569
0.096000        0.681316724175911
0.097000        0.6883265276487442
0.098000        0.6953331002926681
0.099000        0.7023362520110474
0.100000        0.7093357694064579
0.101000        0.7163314124869569
0.102000        0.723322910869566
0.103000        0.7303099593962088
0.104000        0.7372922130630215
0.105000        0.7442692811484015
0.106000        0.7512407204091236
0.107000        0.7582060271987867
0.108000        0.7651646283515809
0.109000        0.7721158706716587
0.110000        0.7790590088823155
0.111000        0.7859931919334855
0.112000        0.7929174476628322
0.113000        0.7998306659912018
0.114000        0.8067315811649074
0.115000        0.8136187541260167
0.116000        0.8204905570365089
0.117000        0.8273451635097757
0.118000        0.8341805505035804
0.119000        0.8409945214711492
0.120000        0.8477847656263666
0.121000        0.8545489752007818
0.122000        0.8612850507058329
0.123000        0.8679914309313492
0.124000        0.8746675837252624
0.125000        0.8813146750581442
0.126000        0.8879363853247622
0.127000        0.8945397609963841
0.128000        0.9011359044808867
0.129000        0.9077402822291827
0.130000        0.9143725361296884
0.131000        0.9210558940992399
0.132000        0.9278164554089248
0.133000        0.9346826395809096
0.134000        0.9416849431037058
0.135000        0.94885597337354
0.136000        0.9562306287736337
0.137000        0.9638462788477522
0.138000        0.9717428270380175
0.139000        0.9799625724846344
0.140000        0.9885498121965384
0.141000        0.9975501411816463
0.142000        1.0070094207465292
0.143000        1.0169723980818173
0.144000        1.0274809766509758
0.145000        1.0385721404487285
0.146000        1.0502728873004035
0.147000        1.0626245021922234
0.148000        1.075583414316581
0.149000        1.0891710590880184
0.150000        1.103371709414878
0.151000        1.1181658593332102
0.152000        1.133512649854266
0.153000        1.1493712202615072
0.154000        1.1657081407977934
0.155000        1.182508113401827
0.156000        1.1997841886832799
0.157000        1.2175790230294403
0.158000        1.2359628493534043
0.159000        1.2550258686744282
0.160000        1.2748703084252604
0.161000        1.2956040848074668
0.162000        1.317337503474457
0.163000        1.3401827344524424
0.164000        1.3642550853970388
0.165000        1.3896748907126568
0.166000        1.4165693644417683
0.167000        1.4450741584146591
0.168000        1.4753347159913002
0.169000        1.5075075150651482
0.170000        1.5417615972049123
0.171000        1.5782801551392058
0.172000        1.6172626244577746
0.173000        1.6589266506447853
0.174000        1.7035111585744147
0.175000        1.7512793321218645
0.176000        1.802522852569263
0.177000        1.857566374316507
0.178000        1.9167744965947513
0.179000        1.9805612090006068
0.180000        2.049403967783997
0.181000        2.123864938262539
0.182000        2.204620878530468
0.183000        2.2924818447156294
0.184000        2.38852674802202
0.185000        2.495374411658256
0.186000        2.6141456942588803
0.187000        2.7448832615102514
0.188000        2.8894214720374727
