0.010000        0.028997773788008274
0.020000        0.05743185444672072
0.030000        0.08618189779246777
0.040000        0.11491208365282546
0.050000        0.14390267034364257
0.060000        0.17295841123366884
0.070000        0.20225067692017795
0.080000        0.23164214163989882
0.090000        0.26125648993797235
0.100000        0.2909886198399736
0.110000        0.32093531229705086
0.120000        0.3510119967231855
0.130000        0.3812981011587162
0.140000        0.41172325139637245
0.150000        0.44235470544967015
0.160000        0.47313247491595867
0.170000        0.504114786409291
0.180000        0.5352495736411722
0.190000        0.5665880859782817
0.200000        0.5980844970182524
0.210000        0.6297845023196569
0.220000        0.6616473160006269
0.230000        0.6937141098730315
0.240000        0.7259482530420893
0.250000        0.7583871645901823
0.260000        0.7909976957864231
0.270000        0.8238141059242388
0.280000        0.856806204958815
0.290000        0.8900055585958917
0.300000        0.9233845200300639
0.310000        0.9569723347656645
0.320000        0.9907435639439051
0.330000        1.0247254366376275
0.340000        1.0588944474177495
0.350000        1.0932760594071382
0.360000        1.1278484730432936
0.370000        1.1626355944706965
0.380000        1.197617139300613
0.390000        1.232815632840147
0.400000        1.26821214454937
0.410000        1.3038279687240184
0.420000        1.3396453910360453
0.430000        1.3756846032528252
0.440000        1.411928988942707
0.450000        1.4483977483343065
0.460000        1.4850752604949982
0.470000        1.5219798306303538
0.480000        1.5590967441422272
0.490000        1.5964434956511209
0.500000        1.6340061988193426
0.510000        1.6718016119641685
0.520000        1.70981660829856
0.530000        1.7480672755180642
0.540000        1.786541185636949
0.550000        1.8252538140808046
0.560000        1.8641933777252948
0.570000        1.9033747917940946
0.580000        1.942786869942804
0.590000        1.9824440138448658
0.600000        2.022335590921573
0.610000        2.062475531255618
0.620000        2.1028537174243294
0.630000        2.1434836457952393
0.640000        2.184355679338422
0.650000        2.2254829150119555
0.660000        2.266856164788795
0.670000        2.3084881573900002
0.680000        2.3503701253722173
0.690000        2.392514457631444
0.700000        2.434912781514809
0.710000        2.477577172064512
0.720000        2.5204996279545995
0.730000        2.5636919341795537
0.740000        2.6071464393505295
0.750000        2.650874660293608
0.760000        2.694869276019144
0.770000        2.739141555344437
0.780000        2.7836844897999313
0.790000        2.828509118814635
0.800000        2.8736087300500746
0.810000        2.9189941507863253
0.820000        2.964658949769234
0.830000        3.0106137581268886
0.840000        3.0568524118548357
0.850000        3.1033853608059285
0.860000        3.1502066954881798
0.870000        3.1973266983437636
0.880000        3.2447397026517137
0.890000        3.2924558363916034
0.900000        3.3404696647776806
0.910000        3.3887911734436234
0.920000        3.4374151495284444
0.930000        3.4863514476811517
0.940000        3.535595067708819
0.950000        3.5851557439493416
0.960000        3.635028680310807
0.970000        3.6852235008667478
0.980000        3.735735605691355
0.990000        3.7865745180684076
1.000000        3.837735826883783
1.010000        3.889228963583278
1.020000        3.9410496990439334
1.030000        3.9932073813470534
1.040000        4.045697957032152
1.050000        4.0985306988516506
1.060000        4.151701723132609
1.070000        4.20522023493297
1.080000        4.259082514911672
1.090000        4.3132977076988315
1.100000        4.367862253217414
1.110000        4.422785242599179
1.120000        4.478063270322545
1.130000        4.533705380641152
1.140000        4.589708318213464
1.150000        4.646081086751741
1.160000        4.702820577028328
1.170000        4.759935758291041
1.180000        4.817423663647311
1.190000        4.875293233719498
1.200000        4.933541640438488
1.210000        4.992177801422542
1.220000        5.051199024162917
1.230000        5.110614208696322
1.240000        5.170420795042631
1.250000        5.23062767089832
1.260000        5.291232405995357
1.270000        5.3522438807665775
1.280000        5.413659792039752
1.290000        5.475489017911395
1.300000        5.537729379874898
1.310000        5.600389758483125
1.320000        5.663468097637651
1.330000        5.7269732850196
1.340000        5.790903384841251
1.350000        5.855267296476402
1.360000        5.9200632024982465
1.370000        5.985300018442958
1.380000        6.050976043430531
1.390000        6.117100213546902
1.400000        6.183670942768693
1.410000        6.250697192048811
1.420000        6.318177488642533
1.430000        6.386120822628808
1.440000        6.454525833063887
1.450000        6.523401543365864
1.460000        6.592746703002412
1.470000        6.662570372910199
1.480000        6.732871411654205
1.490000        6.803658921848282
1.500000        6.874931869902547
1.510000        6.946699404259309
1.520000        7.0189605979691585
1.530000        7.091724649461348
1.540000        7.164990737253909
1.550000        7.238768113944619
1.560000        7.313056062359902
1.570000        7.387863893488525
1.580000        7.463190993300323
1.590000        7.539046735458541
1.600000        7.615430607882651
1.610000        7.692352051278249
1.620000        7.769810654265211
1.630000        7.847815929071164
1.640000        7.926367563680287
1.650000        8.005475146466495
1.660000        8.085138463317577
1.670000        8.165367183562235
1.680000        8.246161189360915
1.690000        8.327530236038644
1.700000        8.409474300170935
1.710000        8.49200322841438
1.720000        8.575117089605364
1.730000        8.658825827437465
1.740000        8.74312960046861
1.750000        8.828038455602488
1.760000        8.9135526380811
1.770000        8.999682304785178
1.780000        9.08642778395874
1.790000        9.173799349985167
1.800000        9.261797409591775
1.810000        9.350432363167304
1.820000        9.43970469031154
1.830000        9.529624927191627
1.840000        9.620193619232534
1.850000        9.711421449822144
1.860000        9.803309021255721
1.870000        9.895867177804341
1.880000        9.989096567117002
1.890000        10.08300821100217
1.900000        10.177602787461932
1.910000        10.272891516586249
1.920000        10.368875086923548
1.930000        10.465564943267903
1.940000        10.562961758173781
1.950000        10.661077235578528
1.960000        10.759911995908464
1.970000        10.859478048203467
1.980000        10.959775910709041
1.990000        11.060817960397056
2.000000        11.162604542694513
2.010000        11.26514849053775
2.020000        11.368449874825536
2.030000        11.472522110942084
2.040000        11.577364845627223
2.050000        11.682992263166536
2.060000        11.789403360918605
2.070000        11.896613374234242
2.080000        12.004620303788158
2.090000        12.113440874614728
2.100000        12.223071541353786
2.110000        12.333531219524303
2.120000        12.444813925377893
2.130000        12.556941916495205
2.140000        12.669905280585937
2.150000        12.783731564629154
2.160000        12.898404367032136
2.170000        13.013959914824252
2.180000        13.130370783995382
2.190000        13.24768796374623
2.200000        13.365864730690326
2.210000        13.484978083464007
2.220000        13.604946376311698
2.230000        13.72589409121781
2.240000        13.847674005057321
2.250000        13.970500641933551
2.260000        14.094097552834686
2.270000        14.218858796904595
2.280000        14.344229644407836
2.290000        14.471000641968018
2.300000        14.597942352767316
2.310000        14.726693713745824
2.320000        14.85604738640663
2.330000        14.98703010154086
2.340000        15.117723928645063
2.350000        15.250597936352726
2.360000        15.383364104250695
2.370000        15.518367827731748
2.380000        15.653422764021844
2.390000        15.790581388498385
2.400000        15.927736278711066
2.410000        16.067067849655945
2.420000        16.206677427568465
2.430000        16.347987551443502
2.440000        16.48918779869344
2.450000        16.632794010538554
2.460000        16.774439471142166
2.470000        16.9206511663025
2.480000        17.066206925797218
2.490000        17.214547847620974
2.500000        17.362739079475833
2.510000        17.513222185172836
2.520000        17.662773824753
2.530000        17.815013285915008
2.540000        17.966781646407792
2.550000        18.121142658887795
2.560000        18.27455029593988
2.570000        18.430390236683024
2.580000        18.58543036462662
2.590000        18.743134927987498
2.600000        18.899544270275705
2.610000        19.058711605183177
2.620000        19.21656209630998
2.630000        19.37625189271826
2.640000        19.536345111990403
2.650000        19.69937651938137
2.660000        19.861167611065824
2.670000        20.026139139301026
2.680000        20.190197306163157
2.690000        20.353182610845415
2.700000        20.517836845711884
2.710000        20.68228954087517
2.720000        20.848109845876596
2.730000        21.01104702184936
2.740000        21.179003398240777
2.750000        21.34364277189448
2.760000        21.511573832275115
2.770000        21.675221743712257
2.780000        21.84362919821986
2.790000        22.008790242495884
2.800000        22.17726206313955
2.810000        22.341784708760812
2.820000        22.510118318997918
2.830000        22.673807161202433
2.840000        22.843663943141294
2.850000        23.006762240785633
2.860000        23.17610447291287
2.870000        23.339484871166654
2.880000        23.50842628488818
2.890000        23.673729449466407
2.900000        23.84186189841769
2.910000        24.009597162855066
2.920000        24.17832789133646
2.930000        24.343415294903615
2.940000        24.512196568066443
2.950000        24.679540595459372
2.960000        24.848963435034378
2.970000        25.01706507186129
2.980000        25.183434763789037
2.990000        25.351826239634164
3.000000        25.516486330317385
3.010000        25.684121609562027
3.020000        25.850441424552614
