0.050000        0.09512352268840019
0.100000        0.19067629748473003
0.150000        0.28875668813216215
0.200000        0.38812144858938424
0.250000        0.489726462323798
0.300000        0.5928595244618542
0.350000        0.6981571114722325
0.400000        0.8051236730993274
0.450000        0.9142386116223964
0.500000        1.0251239233515328
0.550000        1.138167135281174
0.600000        1.253062097083486
0.650000        1.370136932782117
0.700000        1.4891328811884161
0.750000        1.6103366976228664
0.800000        1.7335225666729244
0.850000        1.8589466670283485
0.900000        1.9864069120315033
0.950000        2.1161357266269807
1.000000        2.2479484653617394
1.050000        2.3820582863789426
1.100000        2.5182934344750443
1.150000        2.6568508260604276
1.200000        2.79756812095194
1.250000        2.940628052307696
1.300000        3.085874908729762
1.350000        3.2334786266943034
1.400000        3.383287789021793
1.450000        3.5354604331997184
1.500000        3.6898474016095353
1.550000        3.8465953598590694
1.600000        4.005555574704628
1.650000        4.166863575927037
1.700000        4.330369350724073
1.750000        4.496197293890232
1.800000        4.66419449339474
1.850000        4.834474016023709
1.900000        5.00687848288813
1.950000        5.181509278628983
2.000000        5.3582030206114375
2.050000        5.5370489242252106
2.100000        5.717876084291991
2.150000        5.900760953295537
2.200000        6.0855235974661
2.250000        6.272227033073346
2.300000        6.4606808056547465
2.350000        6.650933771449022
2.400000        6.842783484402034
2.450000        7.036263899296248
2.500000        7.231159141720955
2.550000        7.4274875439634975
2.600000        7.625018418762249
2.650000        7.823753819601595
2.700000        8.023446936741475
2.750000        8.224083005246662
2.800000        8.42539788394
2.850000        8.627359627533096
2.900000        8.829685682055445
2.950000        9.03232680944254
3.000000        9.234981113881766
3.050000        9.437582286899687
3.100000        9.639808331203614
3.150000        9.841576527999589
3.200000        10.04254418920776
3.250000        10.242613411296606
3.300000        10.441420367333244
3.350000        10.638853925500758
3.400000        10.83452873143995
3.450000        11.028323338410129
3.500000        11.219830363208711
3.550000        11.408922243266861
3.600000        11.595168624254448
3.650000        11.77844182163911
3.700000        11.958286528570529
3.750000        12.134583559516269
3.800000        12.30684855994133
3.850000        12.47498351262335
3.900000        12.638466876172004
3.950000        12.797241024553689
4.000000        12.950731548108383
4.050000        13.09895150569037
4.100000        13.24124394551048
4.150000        13.377742283346134
4.200000        13.507651042538022
4.250000        13.631308891623888
4.300000        13.747673699996078
4.350000        13.857443661856728
4.400000        13.95909803966526
4.450000        14.054025683721175
4.500000        14.139518541582941
4.550000        14.218742407168719
4.600000        14.289336489314373
4.650000        14.351644653769085
4.700000        14.404920746721821
4.750000        14.449959654345271
4.800000        14.486594201607627
4.850000        14.513583347202715
4.900000        14.531728659055062
4.950000        14.540719760853865
5.000000        14.541384489425962
5.050000        14.532228543906932
5.100000        14.51534918687852
5.150000        14.488066142414695
5.200000        14.453114713004503
5.250000        14.40800348591268
5.300000        14.355404744298774
5.350000        14.292947312776473
5.400000        14.224365941263805
5.450000        14.144752517053377
5.500000        14.057905997353625
5.550000        13.96186385768927
5.600000        13.861140847201547
5.650000        13.74986241742726
5.700000        13.633468725310514
5.750000        13.507833541321663
5.800000        13.378357030042565
5.850000        13.239123432182698
5.900000        13.094668262663273
5.950000        12.942762371170861
6.000000        12.787600689552193
6.050000        12.62401770646256
6.100000        12.453623016435017
6.150000        12.280074892092863
6.200000        12.103125800341783
6.250000        11.919067683500494
6.300000        11.732760166340796
6.350000        11.540330604203096
6.400000        11.34484916834112
6.450000        11.1457723382908
6.500000        10.942935715898798
6.550000        10.739091163803256
6.600000        10.528945056518651
6.650000        10.317442424958497
6.700000        10.100709893325295
6.750000        9.884710076794821
6.800000        9.661944322806143
6.850000        9.44463889160443
6.900000        9.226256552977201
6.950000        9.021418683185956
7.000000        8.812555956460685
7.050000        8.605816995632303
7.100000        8.408487627182236
7.150000        8.200812149400473
7.200000        8.00133606708448
7.250000        7.794153473416873
7.300000        7.5971174146265135
7.350000        7.3910809207451535
7.400000        7.195502620016335
7.450000        6.991315933272098
7.500000        6.797423787419309
7.550000        6.595932031731191
7.600000        6.404276775332136
7.650000        6.206315056841994
7.700000        6.017449645560934
7.750000        5.823670105934998
7.800000        5.638055468948982
7.850000        5.448895139050437
7.900000        5.266893855749343
7.950000        5.08262242855589
8.000000        4.904515405041016
8.050000        4.725293287331743
8.100000        4.55129627791022
8.150000        4.377215507497597
8.200000        4.207491031871113
8.250000        4.038598162313768
8.300000        3.8732638551829677
8.350000        3.7095717403164237
8.400000        3.5487066673652983
8.450000        3.3902010630268613
8.500000        3.2338510019655207
8.550000        3.08049511138678
8.600000        2.92867728294479
8.650000        2.780415451371594
8.700000        2.633122856094543
8.750000        2.489883768336112
8.800000        2.347089134587213
8.850000        2.2087886087972546
8.900000        2.070447922821538
8.950000        1.9369913451154108
9.000000        1.80304694855848
9.050000        1.674331389993089
9.100000        1.5447146542143955
9.150000        1.4206307094339454
9.200000        1.2952643146841165
9.250000        1.1756976958861518
9.300000        1.0544975546149722
9.350000        0.9393304680538925
9.400000        0.8222073368158505
9.450000        0.7113196633689611
9.500000        0.5981804890873441
9.550000        0.49145078551903865
9.600000        0.38219983105566513
9.650000        0.27950616406456597
9.700000        0.17404595622086916
9.750000        0.07526657927486191
9.800000        -0.02650128289736209
9.850000        -0.12148737644500684
9.900000        -0.21966155144840727
9.950000        -0.310974015553489
10.000000       -0.40565309831331575
