0.025000        0.06378721826732203
0.050000        0.1271349819918548
0.075000        0.19177414218325417
0.100000        0.2568597114343092
0.125000        0.3230319588202395
0.150000        0.3898255527041563
0.175000        0.4576406866524838
0.200000        0.5261611596922737
0.225000        0.5956840533790029
0.250000        0.6659691658661657
0.275000        0.7372560452815069
0.300000        0.8093508032685435
0.325000        0.8824560032583175
0.350000        0.9564092605096324
0.375000        1.0313872527320687
0.400000        1.1072505699032025
0.425000        1.184156752018998
0.450000        1.2619839544188416
0.475000        1.340875024746154
0.500000        1.4207220162314087
0.525000        1.5016561839792466
0.550000        1.5835808694531686
0.575000        1.6666179902771159
0.600000        1.7506802497420768
0.625000        1.8358819234297084
0.650000        1.9221436125836853
0.675000        2.0095732596502582
0.700000        2.0980982248539526
0.725000        2.187821150327075
0.750000        2.278675251459905
0.775000        2.3707587001562676
0.800000        2.464009837612563
0.825000        2.558523043191345
0.850000        2.654241186659668
0.875000        2.7512554156337554
0.900000        2.849512633037195
0.925000        2.9491012242747594
0.950000        3.04997170964109
0.975000        3.1522101094781476
1.000000        3.2557702087084195
1.025000        3.3607360015077177
1.050000        3.467064235098288
1.075000        3.5748371688731915
1.100000        3.6840142506617255
1.125000        3.7946762572035038
1.150000        3.9067851081773224
1.175000        4.020420316962223
1.200000        4.135546073101585
1.225000        4.252240818099507
1.250000        4.37047083113721
1.275000        4.490313649490647
1.300000        4.611737479358252
1.325000        4.734819100744954
1.350000        4.859528498348736
1.375000        4.985941823682213
1.400000        5.11403070251135
1.425000        5.243870770469419
1.450000        5.375435165387312
1.475000        5.508799105090002
1.500000        5.643937116498396
1.525000        5.780924084482976
1.550000        5.919735805879393
1.575000        6.060446905342399
1.600000        6.203034332114704
1.625000        6.347572512208824
1.650000        6.494039429327156
1.675000        6.642509362114627
1.700000        6.792961208189503
1.725000        6.945469140663121
1.750000        7.100012845638133
1.775000        7.256666424025273
1.800000        7.415410217560858
1.825000        7.5763182809246175
1.850000        7.739371468302092
1.875000        7.904643808246558
1.900000        8.072116510373654
1.925000        8.241863593448329
1.950000        8.413866447271417
1.975000        8.588199096457505
2.000000        8.764842911770032
2.025000        8.943871943228324
2.050000        9.125267311492628
2.075000        9.309103122580616
2.100000        9.495359972920369
2.125000        9.68411207738788
2.150000        9.875339174304997
2.175000        10.069115680637388
2.200000        10.265420057148706
2.225000        10.464327086413597
2.250000        10.665813404960112
2.275000        10.869954445571913
2.300000        11.07672427673701
2.325000        11.286199476009255
2.350000        11.49835048071354
2.375000        11.713255878503947
2.400000        11.930880870461124
2.425000        12.15130759220018
2.450000        12.374493438187901
2.475000        12.600526891442652
2.500000        12.82935316292021
2.525000        13.061072343322973
2.550000        13.295609526376282
2.575000        13.533086683735124
2.600000        13.773393479540356
2.625000        14.016694739562297
2.650000        14.262813217381183
2.675000        14.512001552589798
2.700000        14.763946469049944
2.725000        15.019090025948238
2.750000        15.276818985326912
2.775000        15.538009557522713
2.800000        15.801304447141838
2.825000        16.068690889933006
2.850000        16.338347569906773
2.875000        16.61191639708089
2.900000        16.885633414810453
2.925000        17.165391753408407
2.950000        17.44448377683621
2.975000        17.7301317386371
3.000000        18.014986971042376
3.025000        18.306388144623718
3.050000        18.596195423356395
3.075000        18.89334766269296
3.100000        19.18795203389928
3.125000        19.491740372979777
3.150000        19.791878447414486
3.175000        20.099617434423493
3.200000        20.404669261093325
3.225000        20.71789872577216
3.250000        21.028102224385247
3.275000        21.34403306879515
3.300000        21.655579843233355
3.325000        21.97371046066576
3.350000        22.28781818609196
3.375000        22.609272206838092
3.400000        22.925920702985124
3.425000        23.248274897683785
3.450000        23.568159060756763
3.475000        23.892041972189
3.500000        24.214512720409935
3.525000        24.539455815811927
3.550000        24.863875331802895
3.575000        25.19101482830876
3.600000        25.51538352406981
3.625000        25.84274411171009
3.650000        26.165844270080896
3.675000        26.494932279330776
3.700000        26.821869252228858
3.725000        27.151631692996204
3.750000        27.47792450684088
3.775000        27.808424695462378
3.800000        28.13068230793163
3.825000        28.461577882821494
3.850000        28.79306696209798
3.875000        29.12215746071123
3.900000        29.449207620207282
3.925000        29.776609266346213
3.950000        30.101880357265358
3.975000        30.42854366162721
4.000000        30.749247371624378
4.025000        31.076371174812977
4.050000        31.398999880849615
4.075000        31.72522423881682
4.100000        32.04932325780559
4.125000        32.374806835146195
4.150000        32.69749174823855
4.175000        33.02278433701476
4.200000        33.35126085737016
4.225000        33.676561335717324
4.250000        33.9983455028074
4.275000        34.323707038918975
4.300000        34.6456172000336
4.325000        34.97134337233529
4.350000        35.29200542164585
4.375000        35.61634924673081
4.400000        35.9366166136174
4.425000        36.2595518945875
4.450000        36.5790807330983
4.475000        36.903090953268524
4.500000        37.225252440594275
4.525000        37.544242132136425
4.550000        37.864691420787345
4.575000        38.18378109130445
4.600000        38.503722072667365
4.625000        38.822607129191155
4.650000        39.14391490975085
4.675000        39.46372524833088
4.700000        39.78112049338931
4.725000        40.10003533941591
4.750000        40.41775747203652
4.775000        40.73680905257468
4.800000        41.05329891003443
4.825000        41.371940945793256
4.850000        41.68848124261422
4.875000        42.0066972492569
4.900000        42.32201377296116
4.925000        42.63851452815157
4.950000        42.95356145135849
4.975000        43.269787920976505
5.000000        43.58470983146446
5.025000        43.90085678532574
5.050000        44.21689843241484
5.075000        44.53152713840798
5.100000        44.84615774040024
5.125000        45.16010947237846
5.150000        45.47170890653458
5.175000        45.7851759508776
5.200000        46.09668036536215
5.225000        46.40933866135122
5.250000        46.721721868122714
5.275000        47.034344096567324
5.300000        47.34526371405171
5.325000        47.65669211114454
5.350000        47.96713216174241
5.375000        48.277554053371546
5.400000        48.58756770518978
5.425000        48.89777332746072
5.450000        49.21181180539592
5.475000        49.521863731702254
5.500000        49.83014581726743
5.525000        50.13910861054914
5.550000        50.44692308863893
5.575000        50.7529759707422
5.600000        51.06011304272334
5.625000        51.36734300079144
5.650000        51.67398645282172
5.675000        51.98266025302907
5.700000        52.288058062721746
5.725000        52.59400617848163
5.750000        52.89897131780724
5.775000        53.203457928341116
5.800000        53.507275023256454
5.825000        53.81261816297223
5.850000        54.11553067784094
5.875000        54.42000887747244
5.900000        54.72265962266398
5.925000        55.02653346669895
5.950000        55.32862390227146
5.975000        55.63169987196885
6.000000        55.932397644359014
6.025000        56.24522064278817
6.050000        56.545171870858155
6.075000        56.84646899270544
6.100000        57.14537078841276
6.125000        57.44598430873762
6.150000        57.7446774621347
6.175000        58.04443133732954
6.200000        58.34341653551324
6.225000        58.64189399310145
6.250000        58.93878897084002
6.275000        59.23556310628176
6.300000        59.52929631294106
6.325000        59.826528094165525
6.350000        60.12040707823567
6.375000        60.41625549373964
6.400000        60.71015053881547
6.425000        61.00499287239019
6.450000        61.29826229979548
6.475000        61.59297257843936
6.500000        61.88505503846051
6.525000        62.175491029274525
6.550000        62.467188403284894
6.575000        62.75834879159642
6.600000        63.04871111210578
6.625000        63.340683139694264
6.650000        63.62965223862642
6.675000        63.919138538137716
6.700000        64.20583016470819
6.725000        64.4945722804539
6.750000        64.78133918523444
6.775000        65.06908562291468
6.800000        65.3535719408454
6.825000        65.64075351045672
6.850000        65.92327483800176
6.875000        66.20614951340772
6.900000        66.48857231253157
6.925000        66.77218428322195
6.950000        67.05241528838431
6.975000        67.3288265721332
7.000000        67.60817009943297
7.025000        67.88987724906073
7.050000        68.166661648567
7.075000        68.44816563589313
7.100000        68.72470761370731
7.125000        69.00362763346672
7.150000        69.27765383326768
7.175000        69.55588446892601
7.200000        69.82832715914175
7.225000        70.10727043432739
7.250000        70.37660312082704
7.275000        70.65254564594593
7.300000        70.92006574278265
7.325000        71.19437773680532
7.350000        71.4594581223059
7.375000        71.72511779555573
7.400000        71.9870901550965
7.425000        72.25415875703185
7.450000        72.5153956327026
7.475000        72.78397298095815
7.500000        73.04197952403334
7.525000        73.30566534999711
7.550000        73.55841138753422
7.575000        73.81748855659015
7.600000        74.06767085754099
7.625000        74.32907718318444
7.650000        74.57412009611488
7.675000        74.82910227072631
7.700000        75.07096931457752
7.725000        75.32113363413708
7.750000        75.56205949553065
7.775000        75.80418716936671
7.800000        76.03546829791931
7.825000        76.27091318293459
7.850000        76.49390590691613
7.875000        76.71979862213071
7.900000        76.94754903021764
7.925000        77.1769255952984
7.950000        77.35168243444889
7.975000        76.72064314455478
8.000000        75.86999425408099
8.025000        75.04774213581312
8.050000        74.22164588083295
8.075000        73.42293425561479
8.100000        72.61907860146997
8.125000        71.84164215489673
8.150000        71.06034872116854
8.175000        70.30282221820887
8.200000        69.5435758681435
8.225000        68.80588811526586
8.250000        68.067968384029
8.275000        67.34982500816605
8.300000        66.63254612342527
8.325000        65.93353020748391
8.350000        65.23624361613946
8.375000        64.55588611725966
8.400000        63.87797268160388
8.425000        63.215797489181924
8.450000        62.55666242128869
8.475000        61.91220144515154
8.500000        61.27127263925111
8.525000        60.64406668302858
8.550000        60.02079339291731
8.575000        59.41038993248684
8.600000        58.80424113073546
8.625000        58.21019274178768
8.650000        57.62065548745528
8.675000        57.04251950201514
8.700000        56.4690974974082
8.725000        55.90643657089248
8.750000        55.348648970417244
8.775000        54.80103208245981
8.800000        54.25841257477086
8.825000        53.725416096730584
8.850000        53.197512228632974
8.875000        52.67872086204931
8.900000        52.165093538068255
8.925000        51.66010105602122
8.950000        51.16032414771202
8.975000        50.66873393757567
9.000000        50.182393954904775
9.025000        49.70381938674174
9.050000        49.23051518277667
9.075000        48.764579833667185
9.100000        48.30392232689851
9.125000        47.850260089883314
9.150000        47.4018719960595
9.175000        46.96012709841094
9.200000        46.523642667764115
9.225000        46.09346961900065
9.250000        45.66853437675735
9.275000        45.24959786288062
9.300000        44.835868351933826
9.325000        44.42784308900268
9.350000        44.02498661407813
9.375000        43.6275571714611
9.400000        43.23525154432014
9.425000        42.848112145731015
9.450000        42.46604543105832
9.475000        42.088899739698704
9.500000        41.71677000140026
9.525000        41.349330894125735
9.550000        40.98684594184283
9.575000        40.628835276164324
9.600000        40.27571241190157
9.625000        39.92686078876904
9.650000        39.582826553636
9.675000        39.24287307828033
9.700000        38.907662999451176
9.725000        38.576355042041556
9.750000        38.2497133801394
9.775000        37.92680633761521
9.800000        37.60848583481929
9.825000        37.29374289495139
9.850000        36.98350452420521
9.875000        36.67669643270828
9.900000        36.37430914847026
9.925000        36.075213979809554
9.950000        35.78045447083306
9.975000        35.48885740323125
10.000000       35.20150984788898
10.025000       34.917202942928824
10.050000       34.63705876760649
10.075000       34.35984075473859
10.100000       34.086698395816505
10.125000       33.8163744620085
10.150000       33.550039131928614
10.175000       33.286420716631
10.200000       33.02670417451422
10.225000       32.76960877006536
10.250000       32.51632909730091
10.275000       32.2655800548466
10.300000       32.01856143602583
10.325000       31.773987776988314
10.350000       31.533060286500692
10.375000       31.294496519595548
10.400000       31.059495914148528
10.425000       30.82678185791592
10.450000       30.597549375182567
10.475000       30.370529985973192
10.500000       30.146912149516474
10.525000       29.925437354849066
10.550000       29.707285785417838
10.575000       29.49121032260723
10.600000       29.278381555849435
10.625000       29.06756481578993
10.650000       28.859920126382853
10.675000       28.654226002361277
10.700000       28.451631234517727
10.725000       28.250927975923076
10.750000       28.053253380196715
10.775000       27.857413450989753
10.800000       27.664533527271274
10.825000       27.47343346907529
10.850000       27.28522681564597
10.875000       27.098747115320506
10.900000       26.915096283807742
10.925000       26.733121245368743
10.950000       26.55391260143214
10.975000       26.37633022218533
11.000000       26.201453811749012
11.025000       26.028155662506514
11.050000       25.857505083344883
11.075000       25.688386192599793
11.100000       25.521858471078588
11.125000       25.35681721301625
11.150000       25.194312685788276
11.175000       25.033250672017658
11.200000       24.87467287247261
11.225000       24.717494847365252
11.250000       24.562750396635415
11.275000       24.409364136163788
11.300000       24.258362638491107
11.325000       24.108678852461672
11.350000       23.961332794736627
11.375000       23.815265032316766
11.400000       23.671489687606332
11.425000       23.528954246047327
11.450000       23.38866758093529
11.475000       23.249583417396586
11.500000       23.112706002967663
11.525000       22.9769946493505
11.550000       22.843449575656685
11.575000       22.711035056357446
11.600000       22.580747850213278
11.625000       22.45155660270946
11.650000       22.32445514867002
11.675000       22.19841594685387
11.700000       22.074430411237323
11.725000       21.95147429141431
11.750000       21.830537049237634
11.775000       21.710597238708726
11.800000       21.592642803412737
11.825000       21.47565465156155
11.850000       21.360619607407422
11.875000       21.246520519215302
11.900000       21.13434345624161
11.925000       21.023072828155183
11.950000       20.91369427959011
11.975000       20.805193437667914
12.000000       20.698555819696953
12.025000       20.59276795996357
12.050000       20.488815513758244
12.075000       20.385685644696043
12.100000       20.28436438061412
12.125000       20.18383926772452
12.150000       20.085096911596704
12.175000       19.98712502396457
12.200000       19.890910965386983
12.225000       19.795442424183825
12.250000       19.701707666739512
12.275000       19.608694195602546
12.300000       19.517391308938947
12.325000       19.42678618616495
12.350000       19.337869259857932
12.375000       19.249627352878978
12.400000       19.163052003583886
12.425000       19.077129494095853
12.450000       18.992852699610214
12.475000       18.90920725319308
12.500000       18.827187395114994
12.525000       18.74577806011219
12.550000       18.665974873133123
12.575000       18.586762040043734
12.600000       18.509136573853404
12.625000       18.432081936866684
12.650000       18.356596519306404
12.675000       18.28166303943282
12.700000       18.208281241018113
12.725000       18.135433110662188
12.750000       18.064119710452687
12.775000       17.993322319355823
12.800000       17.924043272130238
12.825000       17.855263174631165
12.850000       17.787985579322438
12.875000       17.721190462888693
12.900000       17.655882532235385
12.925000       17.591041187221727
12.950000       17.52767221859319
12.975000       17.46475450918523
13.000000       17.40329485654007
13.025000       17.34227169284269
13.050000       17.282692739781854
13.075000       17.223536051013976
13.100000       17.16581018489142
13.125000       17.108492893650123
13.150000       17.052593480705887
13.175000       16.997089478264343
13.200000       16.94299083974644
13.225000       16.88927496235172
13.250000       16.83695235159466
13.275000       16.78500035773289
13.300000       16.734429938162442
13.325000       16.684218486760102
13.350000       16.63537731079485
13.375000       16.58688394032648
13.400000       16.539749929148478
13.425000       16.492953037622225
13.450000       16.447504961790116
13.475000       16.40238378758388
13.500000       16.358601248463057
13.525000       16.315135851985186
13.550000       16.27299926397091
13.575000       16.23117051012058
13.600000       16.190661083630864
13.625000       16.150450625034455
13.650000       16.111550350250745
13.675000       16.072940611251497
13.700000       16.035632242586317
13.725000       15.998606403965653
13.750000       15.962873445237019
13.775000       15.927415429647194
13.800000       15.89324211994106
13.825000       15.859336578029303
13.850000       15.826707878231812
13.875000       15.79434017543759
13.900000       15.763241755420022
13.925000       15.732397959427644
13.950000       15.702816185867825
13.975000       15.673483054697716
14.000000       15.64540497952234
14.025000       15.617569950245066
14.050000       15.590983299678456
14.075000       15.5646344777365
14.100000       15.539527641941845
14.125000       15.51465379106505
14.150000       15.491015814365138
14.175000       15.467606347066212
14.200000       15.44542691873141
14.225000       15.423471887369217
14.250000       15.402741332960982
14.275000       15.38223142135956
14.300000       15.362940694618796
14.325000       15.34386721023112
14.350000       15.326007885501177
14.375000       15.308362752107374
14.400000       15.29192701728212
14.425000       15.27570276821238
14.450000       15.2606834182007
14.475000       15.245873190074104
14.500000       15.232263620772603
14.525000       15.218861147743478
14.550000       15.206655350509884
14.575000       15.194654959014162
14.600000       15.183847515634504
14.625000       15.173244119629153
14.650000       15.163830197772622
14.675000       15.154619294461881
14.700000       15.146594643617497
14.725000       15.138772309660137
14.750000       15.132133257550429
14.775000       15.125696145743152
14.800000       15.120439595210161
14.825000       15.11538493164267
14.850000       15.111508358002627
14.875000       15.107833939680425
14.900000       15.105335388543686
14.925000       15.103039581475617
14.950000       15.101917667029202
14.975000       15.100999404776811
15.000000       15.101253308527472
15.025000       15.101712091214438
15.050000       15.1033415611906
15.075000       15.10517745497054
15.100000       15.108182805382256
15.125000       15.111396442364182
15.150000       15.115778553720585
15.175000       15.12037113235159
15.200000       15.126131452036038
15.225000       15.1321047379416
15.250000       15.139245281245262
15.275000       15.146601608527874
15.300000       15.15512496014301
15.325000       15.16386723314072
15.350000       15.173776549115523
15.375000       15.183908244622256
15.400000       15.195207254779717
15.425000       15.206732424729982
15.450000       15.21942543555381
15.475000       15.232348710174985
15.500000       15.24644060816609
15.525000       15.260767199602036
15.550000       15.276263455109891
15.575000       15.291999161520156
15.600000       15.308905833053746
15.625000       15.326057043193348
15.650000       15.344380782217055
15.675000       15.362954480502367
15.700000       15.382702536722878
15.725000       15.4027063087897
15.750000       15.423886535940415
15.775000       15.445328574701055
15.800000       15.467949436831358
15.825000       15.490838549037992
15.850000       15.514909127315079
15.875000       15.539254740637531
15.900000       15.564784740669456
15.925000       15.59059691129588
15.950000       15.617596670984838
15.975000       15.644886091754717
16.000000       15.673366589690445
16.025000       15.702144598769813
16.050000       15.732117463173555
16.075000       15.76239605328313
16.100000       15.793873571513327
16.125000       15.82566539972078
16.150000       15.858660528352416
16.175000       15.891978926440895
16.200000       15.926505301930991
16.225000       15.96136428735658
16.250000       15.997436237309145
16.275000       16.03385052476082
16.300000       16.071483079805322
16.325000       16.1094680933815
16.350000       16.14867699967963
16.375000       16.188248885696403
16.400000       16.22905061809264
16.425000       16.27022625853948
16.450000       16.31263803437185
16.475000       16.355435061031226
16.500000       16.399474854619303
16.525000       16.443911663867816
16.550000       16.489598221695996
16.575000       16.53569399000513
16.600000       16.58304684661983
16.625000       16.630821546775508
16.650000       16.679861041416004
16.675000       16.7293354594769
16.700000       16.78008275346028
16.725000       16.83127850647597
16.750000       16.883755601357517
16.775000       16.93669515586821
16.800000       16.990924912399564
16.825000       17.04563160374029
16.850000       17.101637761648643
16.875000       17.158135814081902
16.900000       17.215943012694336
16.925000       17.274257560395952
16.950000       17.33389136013416
16.975000       17.394048469058518
17.000000       17.45553537383009
17.025000       17.517562064481734
17.050000       17.58092954499534
17.075000       17.644853816135306
17.100000       17.71013033416799
17.125000       17.775981187484383
17.150000       17.843196221130633
17.175000       17.91100368690409
17.200000       17.980187756837164
17.225000       18.04998292063345
17.250000       18.12116761741107
17.275000       18.19298264783406
17.300000       18.266200660281452
17.325000       18.340068837821494
17.350000       18.41535398252638
17.375000       18.491309729540333
17.400000       18.568696981495886
17.425000       18.6467758933567
17.450000       18.726301417789703
17.475000       18.806540295245227
17.500000       18.88824148066855
17.525000       18.970678363450627
17.550000       19.054593855980535
17.575000       19.139268057707696
17.600000       19.22543779668844
17.625000       19.31238994110673
17.650000       19.400855196086454
17.675000       19.490127254695754
17.700000       19.58093066379998
17.725000       19.67256599491436
17.750000       19.76575160466515
17.775000       19.859794993958563
17.800000       19.955408300589717
17.825000       20.051906003180292
17.850000       20.14999399550116
17.875000       20.248993779629835
17.900000       20.349604983492913
17.925000       20.45115617585441
17.950000       20.554340700284207
17.975000       20.65849423307096
18.000000       20.764303818114364
18.025000       20.87111227783682
18.050000       20.979600344198122
18.075000       21.089118022346952
18.100000       21.20033972287348
18.125000       21.31262266849267
18.150000       21.426634941579845
18.175000       21.541741015821824
18.200000       21.658602640809985
18.225000       21.776591573547133
18.250000       21.896363228185226
18.275000       22.017296676754718
18.300000       22.140040996809446
18.325000       22.26398260697131
18.350000       22.38976424806348
18.375000       22.516779717254387
18.400000       22.645665419007564
18.425000       22.775822561975616
18.450000       22.90788121456533
18.475000       23.041250031473545
18.500000       23.17655274466815
18.525000       23.313205491756733
18.550000       23.451825666544572
18.575000       23.591836929444113
18.600000       23.73385033234357
18.625000       23.877297102133383
18.650000       24.02278194228549
18.675000       24.169743694392324
18.700000       24.31878070353715
18.725000       24.469339479571104
18.750000       24.622011995011135
18.775000       24.776252487635993
18.800000       24.932646538290612
18.825000       25.090656179225732
18.850000       25.250860574881322
18.875000       25.412729626132176
18.900000       25.576836049992423
18.925000       25.742657698405516
18.950000       25.91076080304512
18.975000       26.080631258281088
19.000000       26.25282876510464
19.025000       26.426847361121197
19.050000       26.603240163426115
19.075000       26.781509463559203
19.100000       26.96220173329769
19.125000       27.14482763902476
19.150000       27.32992693735573
19.175000       27.51701880082144
19.200000       27.706636192536955
19.225000       27.898306932914913
19.250000       28.092557104819676
19.275000       28.288923328578925
19.300000       28.48792471189352
19.325000       28.689106837031247
19.350000       28.892981733881506
19.375000       29.099104118176662
19.400000       29.30797883222222
19.425000       29.519169905556865
19.450000       29.73317487680236
19.475000       29.949567277590226
19.500000       30.16883722141182
19.525000       30.390567937164953
19.550000       30.615241987574265
19.575000       30.842452499630824
19.600000       31.07267435678704
19.625000       31.30551078921455
19.650000       31.54142887118411
19.675000       31.780042143864193
19.700000       32.02180974261591
19.725000       32.266355728507435
19.750000       32.51413117011905
19.775000       32.764770856687534
19.800000       33.018717665727536
19.825000       33.275617320518215
19.850000       33.535904388554364
19.875000       33.79923572887566
19.900000       34.06603748704765
19.925000       34.33597785371793
19.950000       34.609474449296684
19.975000       34.88620698439208
20.000000       35.16658446123113
20.025000       35.45029828975256
