0.001000        0.002661407563742557
0.002000        0.005249055012459536
0.003000        0.007833892787722618
0.004000        0.010401085427986345
0.005000        0.01296532558982122
0.006000        0.015522163925583143
0.007000        0.01807665351363319
0.008000        0.02062769169888945
0.009000        0.02317697659420581
0.010000        0.02572475593489898
0.011000        0.02827126758614007
0.012000        0.03081736332445928
0.013000        0.03336256975899943
0.014000        0.03590802227386902
0.015000        0.038452878165216475
0.016000        0.040998406117170205
0.017000        0.043543565594486466
0.018000        0.04608968324532725
0.019000        0.04863561290061291
0.020000        0.05118269929502084
0.021000        0.053729743033141375
0.022000        0.056278084813712326
0.023000        0.05882650320272731
0.024000        0.06137632209476074
0.025000        0.06392631728411224
0.026000        0.06647778826837225
0.027000        0.06902952032072562
0.028000        0.07158278395596795
0.029000        0.07413638186771365
0.030000        0.07669155283651108
0.031000        0.0792471221671569
0.032000        0.0818042953268101
0.033000        0.08436192360455941
0.034000        0.08692117835596136
0.035000        0.08948093899030951
0.036000        0.09204234249142296
0.037000        0.09460429766186529
0.038000        0.09716790723346413
0.039000        0.09973211006200877
0.040000        0.10229797501910909
0.041000        0.10486447123241405
0.042000        0.1074326343006291
0.043000        0.1100014635219555
0.044000        0.11257196194903862
0.045000        0.11514315871711922
0.046000        0.11771602515720048
0.047000        0.1202896197404133
0.048000        0.12286488296617826
0.049000        0.12544090202094615
0.050000        0.12801858750372652
0.051000        0.13059705461264492
0.052000        0.133177184999699
0.053000        0.13575812111559138
0.054000        0.13834071662637726
0.055000        0.14092414044182178
0.056000        0.1435092191996592
0.057000        0.1460951474568173
0.058000        0.14868272576844888
0.059000        0.1512711735205663
0.060000        0.15386126611329587
0.061000        0.15645224694671178
0.062000        0.15904486717068878
0.063000        0.16163839339429487
0.064000        0.1642335533958903
0.065000        0.16682963620355196
0.066000        0.16942734707462748
0.067000        0.17202599668498664
0.068000        0.1746262685918829
0.069000        0.177227494369129
0.070000        0.17983033666451576
0.071000        0.1824341472230504
0.072000        0.18503956854319803
0.073000        0.18764597183858633
0.074000        0.19025398018819395
0.075000        0.19286298359640597
0.076000        0.19547358642274304
0.077000        0.19808519680935355
0.078000        0.2006984010672035
0.079000        0.20331262484792845
0.080000        0.2059284370565866
0.081000        0.20854528025035002
0.082000        0.2111637065437133
0.083000        0.21378317481923226
0.084000        0.2164042209899133
0.085000        0.21902631970665531
0.086000        0.2216499912448615
0.087000        0.22427472548910288
0.088000        0.22690102761695208
0.089000        0.22952840223355686
0.090000        0.23215733993540866
0.091000        0.2347873595558596
0.092000        0.23741893760513477
0.093000        0.2400516066722993
0.094000        0.24268582965522612
0.095000        0.24532115244523212
0.096000        0.24795802478188556
0.097000        0.25059600542348726
0.098000        0.2532355313864443
0.099000        0.25587617387814454
0.100000        0.2585183576090362
0.101000        0.26116166583426725
0.102000        0.26380651135847977
0.103000        0.2664524890990503
0.104000        0.2691000003387778
0.105000        0.27174865128679215
0.106000        0.27439883207263627
0.107000        0.27705015984107106
0.108000        0.2797030139223686
0.109000        0.28235702205445357
0.110000        0.285012553108448
0.111000        0.28766924508600056
0.112000        0.2903274567260201
0.113000        0.2929868359768335
0.114000        0.2956477317595585
0.115000        0.29830980166397936
0.116000        0.300973385095924
0.117000        0.3036381489926807
0.118000        0.306304423535968
0.119000        0.3089718847273595
0.120000        0.3116408538048603
0.121000        0.314311015561362
0.122000        0.3169826825612869
0.123000        0.3196555481256471
0.124000        0.3223299164056339
0.125000        0.3250054889965135
0.126000        0.3276825618872721
0.127000        0.33036084470248284
0.128000        0.33304062551105496
0.129000        0.3357216217304355
0.130000        0.33840411374309554
0.131000        0.34108782653106573
0.132000        0.34377303301591766
0.133000        0.3464594655237576
0.134000        0.3491473897330444
0.135000        0.35183654510091067
0.136000        0.3545271902730853
0.137000        0.3572190716318122
0.138000        0.3599124409933836
0.139000        0.3626070514660782
0.140000        0.3653031482332594
0.141000        0.36800049093672094
0.142000        0.37069931831690717
0.143000        0.3733993963628883
0.144000        0.3761009575559715
0.145000        0.37880377405229737
0.146000        0.3815080722518456
0.147000        0.38421363030341205
0.148000        0.3869206686977229
0.149000        0.38962897140737773
0.150000        0.39233875318042344
0.151000        0.39504980364975495
0.152000        0.3977623319820207
0.153000        0.4004761333120488
0.154000        0.4031914113812949
0.155000        0.4059079666730927
0.156000        0.40862599765502416
0.157000        0.41134531001026353
0.158000        0.41406609707913944
0.159000        0.41678816960058285
0.160000        0.4195117159297581
0.161000        0.4222365517216815
0.162000        0.42496286048409004
0.163000        0.4276904626526683
0.164000        0.43041953702126357
0.165000        0.433149908674908
0.166000        0.435881751823052
0.167000        0.438614896072707
0.168000        0.4413495111745185
0.169000        0.44408543113392973
0.170000        0.4468228213646057
0.171000        0.4495615201505476
0.172000        0.45230168868664045
0.173000        0.4550431694191275
0.174000        0.45778611943880243
0.175000        0.460530385241265
0.176000        0.46327611992452766
0.177000        0.4660231739239791
0.178000        0.4687716964528832
0.179000        0.4715215417800529
0.180000        0.4742728553388851
0.181000        0.47702549512834835
0.182000        0.4797796029037933
0.183000        0.4825350402940778
0.184000        0.4852919454753728
0.185000        0.48805018360905095
0.186000        0.4908098893881192
0.187000        0.493570931411897
0.188000        0.4963334409834754
0.189000        0.49909729004826
0.190000        0.501862606610004
0.191000        0.5046292658709692
0.192000        0.5073973926235595
0.193000        0.5101668652402029
0.194000        0.512937805387434
0.195000        0.5157100945236213
0.196000        0.5184838512724852
0.197000        0.5212589600964925
0.198000        0.5240355366572587
0.199000        0.5268134683418122
0.200000        0.5295928679280895
0.201000        0.5323736256503881
0.202000        0.5351558514791925
0.203000        0.5379394384209437
0.204000        0.5407244937127533
0.205000        0.543510913060187
0.206000        0.5462988010389971
0.207000        0.5490880559828906
0.208000        0.5518787798762617
0.209000        0.5546708736119506
0.210000        0.5574644366510491
0.211000        0.5602593723784448
0.212000        0.5630557777980911
0.213000        0.56585355872169
0.214000        0.5686528097603869
0.215000        0.5714534390892787
0.216000        0.5742555389892559
0.217000        0.5770590199371295
0.218000        0.5798639719443681
0.219000        0.5826703077295203
0.220000        0.5854781150937889
0.221000        0.5882873089391278
0.222000        0.5910979749140033
0.223000        0.5939100300470521
0.224000        0.5967235578899537
0.225000        0.5995384775428487
0.226000        0.6023548705150574
0.227000        0.6051726579245535
0.228000        0.6079919192912371
0.229000        0.6108125776987077
0.230000        0.6136347107289399
0.231000        0.6164582433803769
0.232000        0.6192832513471611
0.233000        0.6221096614931714
0.234000        0.624937547673456
0.235000        0.627766838569265
0.236000        0.6305976062439669
0.237000        0.633429781149415
0.238000        0.6362634336034283
0.239000        0.6390984957829708
0.240000        0.6419350363051937
0.241000        0.6447729890278957
0.242000        0.6476124209112353
0.243000        0.6504532674507715
0.244000        0.6532955939921692
0.245000        0.6561393376268221
0.246000        0.6589845621272605
0.247000        0.6618312061399205
0.248000        0.6646793319044395
0.249000        0.6675288795825995
0.250000        0.670379909920312
0.251000        0.6732323645560658
0.252000        0.6760863027801634
0.253000        0.6789416676702018
0.254000        0.6817985170979757
0.255000        0.6846567955435887
0.256000        0.6875165594964354
0.257000        0.6903777548035066
0.258000        0.693240436606942
0.259000        0.696104552085945
0.260000        0.6989701550696168
0.261000        0.701837194035619
0.262000        0.7047057215333119
0.263000        0.7075756873059671
0.264000        0.7104471426556209
0.265000        0.7133200385591696
0.266000        0.716194425102886
0.267000        0.7190702544661551
0.268000        0.721947575550205
0.269000        0.7248263417065992
0.270000        0.7277066006814366
0.271000        0.7305883069689472
0.272000        0.7334715071892166
0.273000        0.7363561569504142
0.274000        0.7392423017749632
0.275000        0.7421298983569944
0.276000        0.7450189911488767
0.277000        0.7479095379034657
0.278000        0.7508015820299558
0.279000        0.7536950823134063
0.280000        0.7565900811460065
0.281000        0.7594865383191962
0.282000        0.7623844952336452
0.283000        0.7652839126620243
0.284000        0.7681848310383046
0.285000        0.7710872120918992
0.286000        0.7739910953142477
0.287000        0.776896443367658
0.288000        0.779803294824573
0.289000        0.7827116132569714
0.290000        0.78562143634122
0.291000        0.7885327285363513
0.292000        0.7914455266449796
0.293000        0.7943597959911628
0.294000        0.7972755725255034
0.295000        0.8001928224156281
0.296000        0.8031115807813052
0.297000        0.8060318146128349
0.298000        0.8089535582197733
0.299000        0.8118767793947441
0.300000        0.8148015116571816
0.301000        0.8177277235822018
0.302000        0.8206554479186892
0.303000        0.823584654004943
0.304000        0.8265153738383546
0.305000        0.8294475775015986
0.306000        0.8323812962591433
0.307000        0.8353165009197099
0.308000        0.8382532220329324
0.309000        0.8411914311157282
0.310000        0.8441311580205202
0.311000        0.8470723749550313
0.312000        0.8500151110916381
0.313000        0.8529593393119264
0.314000        0.8559050881249508
0.315000        0.8588523310696559
0.316000        0.8618010960080706
0.317000        0.8647513571204151
0.318000        0.867703141637568
0.319000        0.8706564243653521
0.320000        0.873611231918968
0.321000        0.8765675397145767
0.322000        0.8795253737667696
0.323000        0.8824847100871729
0.324000        0.8854455741044536
0.325000        0.8884079424112059
0.326000        0.8913718398644832
0.327000        0.8943372436237258
0.328000        0.8973041779883193
0.329000        0.9002726206707834
0.330000        0.9032425954264269
0.331000        0.9062140805074357
0.332000        0.9091870991382827
0.333000        0.9121616300977511
0.334000        0.9151376960923834
0.335000        0.9181152764148219
0.336000        0.921094393266257
0.337000        0.9240750264407733
0.338000        0.9270571976464677
0.339000        0.9300408871667667
0.340000        0.9330261162286231
0.341000        0.9360128655930158
0.342000        0.9390011560173921
0.343000        0.9419909687287902
0.344000        0.9449823240265047
0.345000        0.947975203592426
0.346000        0.9509696272787611
0.347000        0.9539655772113331
0.348000        0.9569630728060439
0.349000        0.9599620966220055
0.350000        0.9629626676493235
0.351000        0.9659647688700268
0.352000        0.9689684188586742
0.353000        0.9719736010100881
0.354000        0.9749803334932707
0.355000        0.9779886001059843
0.356000        0.9809984186214109
0.357000        0.9840097732306337
0.358000        0.9870226813205107
0.359000        0.9900371274660795
0.360000        0.9930531286771256
0.361000        0.9960706699035029
0.362000        0.9990897677869501
0.363000        1.0021104076432295
0.364000        1.0051326057548327
0.365000        1.008156347794742
0.366000        1.011181649694782
0.367000        1.0142084974766856
0.368000        1.0172369067299751
0.369000        1.0202668638168788
0.370000        1.0232983839927687
0.371000        1.02633145395232
0.372000        1.029366088624709
0.373000        1.0324022750292023
0.374000        1.035440027776536
0.375000        1.0384793342029148
0.376000        1.0415202086081976
0.377000        1.0445626386380589
0.378000        1.0476066382888565
0.379000        1.0506521955084533
0.380000        1.0536993239969004
0.381000        1.0567480119971453
0.382000        1.0597982729199487
0.383000        1.062850095296417
0.384000        1.0659034922548614
0.385000        1.0689584526077969
0.386000        1.072014989207755
0.387000        1.0750730911420714
0.388000        1.0781327709940065
0.389000        1.0811940181192892
0.390000        1.0842568448382597
0.391000        1.087321240768775
0.392000        1.0903872179744436
0.393000        1.0934547663291347
0.394000        1.0965238976457687
0.395000        1.0995946020482652
0.396000        1.1026668911047484
0.397000        1.1057407551833691
0.398000        1.108816205613202
0.399000        1.1118932330009574
0.400000        1.1149718484422664
0.401000        1.1180520427768617
0.402000        1.1211338268724038
0.403000        1.1242171917962445
0.404000        1.1273021481934116
0.405000        1.1303886873536086
0.406000        1.133476819704434
0.407000        1.1365665367528042
0.408000        1.1396578487139681
0.409000        1.1427507473070406
0.410000        1.1458452425398757
0.411000        1.1489413263388926
0.412000        1.152039008509389
0.413000        1.1551382811803137
0.414000        1.1582391539591264
0.415000        1.161341619172644
0.416000        1.164445686235096
0.417000        1.1675513476666204
0.418000        1.1706586126927085
0.419000        1.1737674740223856
0.420000        1.1768779406967873
0.421000        1.1799900056094952
0.422000        1.1831036776215704
0.423000        1.1862189498069302
0.424000        1.1893358308507338
0.425000        1.1924543140031094
0.426000        1.1955744077773893
0.427000        1.1986961055958893
0.428000        1.2018194158040973
0.429000        1.2049443319925857
0.430000        1.2080708623428773
0.431000        1.211199000609973
0.432000        1.2143287548152184
0.433000        1.2174601188742997
0.434000        1.220593100652085
0.435000        1.223727694221294
0.436000        1.2268639072939287
0.437000        1.2300017340961809
0.438000        1.2331411821907032
0.439000        1.2362822459536815
0.440000        1.2394249328018638
0.441000        1.2425692372580333
0.442000        1.245715166596387
0.443000        1.2488627154829892
0.444000        1.2520118910527689
0.445000        1.2551626881118363
0.446000        1.258315113659048
0.447000        1.2614691626374004
0.448000        1.2646248419128021
0.449000        1.2677821465620518
0.450000        1.2709410833211656
0.451000        1.27410164739773
0.452000        1.2772638454008387
0.453000        1.280427672665935
0.454000        1.2835931356780979
0.455000        1.2867602298977499
0.456000        1.2899289616887977
0.457000        1.2930993266338433
0.458000        1.2962713309783904
0.459000        1.2994449704244833
0.460000        1.3026202511019296
0.461000        1.305797168829546
0.462000        1.308975729624084
0.463000        1.312155929418525
0.464000        1.3153377741191452
0.465000        1.3185212597705398
0.466000        1.3217063921710324
0.467000        1.3248931674743467
0.468000        1.3280815913733122
0.469000        1.3312716601283494
0.470000        1.3344633793292004
0.471000        1.3376567453406096
0.472000        1.3408517636515764
0.473000        1.3440484307288543
0.474000        1.3472467519629898
0.475000        1.3504467239204843
0.476000        1.3536483518956715
0.477000        1.356851632552587
0.478000        1.3600565710915404
0.479000        1.3632631642719453
0.480000        1.36647141720222
0.481000        1.3696813267350478
0.482000        1.3728928978890433
0.483000        1.3761061276081001
0.484000        1.379321020823065
0.485000        1.3825375745670279
0.486000        1.385755793685064
0.487000        1.3889756752974947
0.488000        1.3921972241655638
0.489000        1.3954204374949075
0.490000        1.3986453199648352
0.491000        1.4018718688644256
0.492000        1.40510008879291
0.493000        1.4083299771209745
0.494000        1.411561538369586
0.495000        1.4147947699892516
0.496000        1.4180296764244424
0.497000        1.4212662552037383
0.498000        1.4245045106968472
0.499000        1.4277444405087127
0.500000        1.4309860489359671
0.501000        1.4342293336582497
0.502000        1.4374742989007725
0.503000        1.44072094241624
0.504000        1.443969268360057
0.505000        1.4472192745563994
0.506000        1.450470965092439
0.507000        1.4537243378622708
0.508000        1.4569793968863767
0.509000        1.4602361401272468
0.510000        1.463494571540176
0.511000        1.4667546891545662
0.512000        1.4700164968619962
0.513000        1.4732799927573303
0.514000        1.4765451806698664
0.515000        1.47981205875851
0.516000        1.4830806307916884
0.517000        1.486350894990963
0.518000        1.4896228550652584
0.519000        1.492896509297438
0.520000        1.496171861338265
0.521000        1.4994489095305816
0.522000        1.5027276574683022
0.523000        1.5060081035529524
0.524000        1.509290251322879
0.525000        1.5125740992370282
0.526000        1.5158596507794329
0.527000        1.519146904465222
0.528000        1.5224358637253363
0.529000        1.5257265271298834
0.530000        1.5290188980579078
0.531000        1.5323129751333138
0.532000        1.5356087616844203
0.533000        1.5389062563877758
0.534000        1.542205462522114
0.535000        1.5455063788154995
0.536000        1.5488090084981998
0.537000        1.5521133503486944
0.538000        1.5554194075498753
0.539000        1.558727178929562
0.540000        1.5620366676243354
0.541000        1.5653478725102996
0.542000        1.568660796678774
0.543000        1.5719754390531175
0.544000        1.575291802680404
0.545000        1.5786098865302431
0.546000        1.58192969360646
0.547000        1.585251222923933
0.548000        1.5885744774442117
0.549000        1.591899456226482
0.550000        1.5952261621909738
0.551000        1.5985545944402357
0.552000        1.60188475585411
0.553000        1.6052166455775936
0.554000        1.608550266451049
0.555000        1.6118856176610254
0.556000        1.6152227020092962
0.557000        1.6185615187230802
0.558000        1.621902070566433
0.559000        1.6252443568063892
0.560000        1.6285883801701395
0.561000        1.6319341399636897
0.562000        1.6352816388781957
0.563000        1.6386308762578192
0.564000        1.6419818547584946
0.565000        1.645334573761735
0.566000        1.648689035889051
0.567000        1.6520452405585218
0.568000        1.6554031903580118
0.569000        1.6587628847414013
0.570000        1.6621243262636654
0.571000        1.665487514413737
0.572000        1.6688524517144483
0.573000        1.6722191376890514
0.574000        1.675587574828965
0.575000        1.678957762691038
0.576000        1.6823297037359843
0.577000        1.6857033975535565
0.578000        1.6890788465744588
0.579000        1.6924560504206596
0.580000        1.6958350114935339
0.581000        1.6992157294465908
0.582000        1.7025982066525458
0.583000        1.7059824427958006
0.584000        1.7093684402210538
0.585000        1.7127561986429551
0.586000        1.7161457203788295
0.587000        1.7195370051729455
0.588000        1.7229300553158744
0.589000        1.7263248705808927
0.590000        1.729721453232429
0.591000        1.7331198030721673
0.592000        1.7365199223389851
0.593000        1.7399218108623895
0.594000        1.7433254708562895
0.595000        1.7467309021774433
0.596000        1.7501381070153634
0.597000        1.7535470852534907
0.598000        1.756957839057499
0.599000        1.7603703683369716
0.600000        1.763784675234282
0.601000        1.76720075968462
0.602000        1.7706186238075947
0.603000        1.7740382675634745
0.604000        1.7774596930496234
0.605000        1.7808829002508801
0.606000        1.7843078912428751
0.607000        1.787734666034508
0.608000        1.7911632266801796
0.609000        1.794593573212362
0.610000        1.7980257076647082
0.611000        1.8014596300927845
0.612000        1.804895342509976
0.613000        1.8083328449944727
0.614000        1.811772139539853
0.615000        1.8152132262464757
0.616000        1.8186561070885752
0.617000        1.8221007821882225
0.618000        1.8255472535007549
0.619000        1.8289955211695172
0.620000        1.8324455871313852
0.621000        1.8358974515505526
0.622000        1.8393511163458598
0.623000        1.8428065817019252
0.624000        1.8462638495199712
0.625000        1.8497229200046341
0.626000        1.8531837950399286
0.627000        1.856646474850102
0.628000        1.8601109613023628
0.629000        1.8635772546401785
0.630000        1.8670453567143408
0.631000        1.8705152677871517
0.632000        1.8739869896933694
0.633000        1.8774605227137524
0.634000        1.8809358686674038
0.635000        1.8844130278531726
0.636000        1.887892002074869
0.637000        1.8913727916490721
0.638000        1.8948553983646583
0.639000        1.8983398225555828
0.640000        1.9018260659961435
0.641000        1.9053141290373272
0.642000        1.908804013439191
0.643000        1.912295719569416
0.644000        1.9157892491741624
0.645000        1.9192846026374735
0.646000        1.922781781691933
0.647000        1.92628078673763
0.648000        1.9297816194938981
0.649000        1.9332842803765473
0.650000        1.936788771091976
0.651000        1.9402950920714144
0.652000        1.943803245008631
0.653000        1.9473132303499678
0.654000        1.9508250497768689
0.655000        1.954338703750496
0.656000        1.9578541939402587
0.657000        1.9613715208218458
0.658000        1.9648906860529287
0.659000        1.9684116901234407
0.660000        1.9719345346795905
0.661000        1.9754592202252823
0.662000        1.978985748395539
0.663000        1.9825141197079628
0.664000        1.9860443357866622
0.665000        1.9895763971626739
0.666000        1.9931103054494574
0.667000        1.9966460611912193
0.668000        2.000183665991031
0.669000        2.00372312040602
0.670000        2.007264426029119
0.671000        2.010807583430127
0.672000        2.0143525941920863
0.673000        2.017899458897226
0.674000        2.0214481791189414
0.675000        2.0249987554516533
0.676000        2.028551189459348
0.677000        2.032105481748399
0.678000        2.0356616338736213
0.679000        2.0392196464531214
0.680000        2.0427795210327595
0.681000        2.046341258242151
0.682000        2.049904859618433
0.683000        2.0534703258025093
0.684000        2.057037658323006
0.685000        2.060606857831905
0.686000        2.0641779258495383
0.687000        2.067750863038757
0.688000        2.0713256709118024
0.689000        2.0749023501421906
0.690000        2.078480902234281
0.691000        2.082061327872056
0.692000        2.085643628552191
0.693000        2.089227804968937
0.694000        2.092813858611482
0.695000        2.0964017901841565
0.696000        2.099991601168849
0.697000        2.103583292279785
0.698000        2.107176864991745
0.699000        2.1107723200286586
0.700000        2.114369658858381
0.701000        2.117968882214374
0.702000        2.121569991557747
0.703000        2.1251729876313146
0.704000        2.128777871889614
0.705000        2.1323846450846435
0.706000        2.135993308664542
0.707000        2.139603863390324
0.708000        2.143216310703897
0.709000        2.146830651375126
0.710000        2.15044688683985
0.711000        2.1540650178766274
0.712000        2.157685045915395
0.713000        2.1613069717432403
0.714000        2.1649307967843523
0.715000        2.1685565218342013
0.716000        2.1721841483113824
0.717000        2.175813677019594
0.718000        2.17944510937199
0.719000        2.183078446180353
0.720000        2.1867136888525405
0.721000        2.190350838208273
0.722000        2.19398989565026
0.723000        2.197630862006017
0.724000        2.2012737386732475
0.725000        2.204918526487127
0.726000        2.2085652268404896
0.727000        2.2122138405760357
0.728000        2.2158643690818653
0.729000        2.219516813208072
0.730000        2.2231711743381535
0.731000        2.2268274533294683
0.732000        2.230485651561043
0.733000        2.2341457698973723
0.734000        2.237807809713141
0.735000        2.2414717718798585
0.736000        2.245137657767989
0.737000        2.2488054682559344
0.738000        2.252475204710061
0.739000        2.2561468680155468
0.740000        2.2598204595347795
0.741000        2.263495980159595
0.742000        2.2671734312485228
0.743000        2.270852813699941
0.744000        2.2745341288686305
0.745000        2.2782173776594092
0.746000        2.2819025614234203
0.747000        2.2855896810718086
0.748000        2.2892787379521913
0.749000        2.2929697329819323
0.750000        2.296662667505233
0.751000        2.300357542445571
0.752000        2.3040543591438354
0.753000        2.307753118529517
0.754000        2.311453821940294
0.755000        2.3151564703115763
0.756000        2.3188610649779307
0.757000        2.3225676068805807
0.758000        2.3262760973510854
0.759000        2.329986537336392
0.760000        2.3336989281651395
0.761000        2.3374132707899076
0.762000        2.341129566536516
0.763000        2.34484781636308
0.764000        2.3485680215926905
0.765000        2.3522901831889165
0.766000        2.3560143024722056
0.767000        2.3597403804114894
0.768000        2.3634684183246666
0.769000        2.3671984171859464
0.770000        2.3709303783107636
0.771000        2.3746643026785215
0.772000        2.3784001916022763
0.773000        2.3821380460665402
0.774000        2.385877867382076
0.775000        2.389619656538427
0.776000        2.393363414844142
0.777000        2.3971091432937186
0.778000        2.400856843193571
0.779000        2.4046065155430725
0.780000        2.4083581616465786
0.781000        2.4121117825082674
0.782000        2.4158673794305123
0.783000        2.419624953422222
0.784000        2.4233845057838614
0.785000        2.4271460375289973
0.786000        2.4309095499562616
0.787000        2.434675044083809
0.788000        2.4384425212085095
0.789000        2.442211982353033
0.790000        2.4459834288125606
0.791000        2.4497568616142154
0.792000        2.453532282051553
0.793000        2.457309691156082
0.794000        2.461089090219799
0.795000        2.46487048027854
0.796000        2.4686538626228103
0.797000        2.4724392382927007
0.798000        2.476226608577292
0.799000        2.4800159745208745
0.800000        2.4838073374111627
0.801000        2.4876006982965855
0.802000        2.491396058463554
0.803000        2.4951934189645772
0.804000        2.498992781084823
0.805000        2.502794145880822
0.806000        2.50659751463656
0.807000        2.510402888412532
0.808000        2.5142102684915972
0.809000        2.5180196559381613
0.810000        2.521831052034017
0.811000        2.5256444578474238
0.812000        2.5294598746591586
0.813000        2.53327730354129
0.814000        2.5370967457736313
0.815000        2.540918202432003
0.816000        2.5447416747953167
0.817000        2.5485671639430922
0.818000        2.5523946711533814
0.819000        2.556224197509362
0.820000        2.560055744288279
0.821000        2.5638893125769187
0.822000        2.5677249036517704
0.823000        2.571562518603173
0.824000        2.575402158706913
0.825000        2.5792438250568424
0.826000        2.583087518928089
0.827000        2.58693324141797
0.828000        2.590780993801003
0.829000        2.5946307771779242
0.830000        2.5984825928226876
0.831000        2.6023364418394124
0.832000        2.6061923255015245
0.833000        2.610050244916481
0.834000        2.613910201357232
0.835000        2.6177721959345313
0.836000        2.6216362299208917
0.837000        2.6255023044303236
0.838000        2.629370420734947
0.839000        2.6332405799519893
0.840000        2.637112783353219
0.841000        2.6409870320590354
0.842000        2.6448633273408984
0.843000        2.64874167032235
0.844000        2.652622062274572
0.845000        2.6565045043242144
0.846000        2.660388997742224
0.847000        2.6642755436583148
0.848000        2.668164143343237
0.849000        2.6720547979297375
0.850000        2.675947508688406
0.851000        2.6798422767549877
0.852000        2.683739103399949
0.853000        2.6876379897619955
0.854000        2.691538937111508
0.855000        2.6954419465901225
0.856000        2.6993470194681617
0.857000        2.7032541568901625
0.858000        2.7071633601264296
0.859000        2.711074630324365
0.860000        2.7149879687542864
0.861000        2.7189033765664306
0.862000        2.722820855031163
0.863000        2.7267404053015234
0.864000        2.730662028647954
0.865000        2.734585726226271
0.866000        2.7385114993070285
0.867000        2.742439349048789
0.868000        2.7463692767222394
0.869000        2.7503012834886658
0.870000        2.7542353706189253
0.871000        2.7581715392769937
0.872000        2.7621097907339234
0.873000        2.7660501261563564
0.874000        2.7699925468155726
0.875000        2.7739370538808483
0.876000        2.7778836486237246
0.877000        2.7818323322160854
0.878000        2.7857831059297506
0.879000        2.789735970939196
0.880000        2.793690928516547
0.881000        2.7976479798388425
0.882000        2.801607126178544
0.883000        2.805568368715228
0.884000        2.809531708721714
0.885000        2.8134971473800956
0.886000        2.817464685963577
0.887000        2.8214343256567425
0.888000        2.8254060677332067
0.889000        2.8293799133800253
0.890000        2.833355863871244
0.891000        2.8373339203963663
0.892000        2.8413140842298983
0.893000        2.8452963565637663
0.894000        2.849280738672956
0.895000        2.8532672317518006
0.896000        2.8572558370757886
0.897000        2.861246555841637
0.898000        2.8652393893253603
0.899000        2.869234338726038
0.900000        2.873231405320233
0.901000        2.8772305903093685
0.902000        2.8812318949705755
0.903000        2.8852353205076025
0.904000        2.8892408681981703
0.905000        2.893248539248333
0.906000        2.8972583349364207
0.907000        2.9012702564707755
0.908000        2.9052843051303547
0.909000        2.909300482125774
0.910000        2.913318788736639
0.911000        2.9173392261758178
0.912000        2.9213617957235805
0.913000        2.9253864985950315
0.914000        2.9294133360711303
0.915000        2.933442309369198
0.916000        2.937473419770898
0.917000        2.941506668495755
0.918000        2.9455420568261523
0.919000        2.949579585983807
0.920000        2.9536192572518374
0.921000        2.9576610718541296
0.922000        2.9617050310745636
0.923000        2.965751136139179
0.924000        2.969799388332632
0.925000        2.9738497888831024
0.926000        2.9779023390760297
0.927000        2.981957040141726
0.928000        2.9860138933664366
0.929000        2.990072899982586
0.930000        2.99413406127724
0.931000        2.998197378484919
0.932000        3.002262852893532
0.933000        3.0063304857396798
0.934000        3.0104002783121206
0.935000        3.014472231849533
0.936000        3.0185463476415393
0.937000        3.022622626928875
0.938000        3.026701071002046
0.939000        3.030781681103834
0.940000        3.0348644585256395
0.941000        3.0389494045122785
0.942000        3.043036520356056
0.943000        3.0471258073038126
0.944000        3.051217266648779
0.945000        3.0553108996398013
0.946000        3.0594067075710463
0.947000        3.0635046916933604
0.948000        3.0676048533018587
0.949000        3.071707193649374
0.950000        3.0758117140319836
0.951000        3.079918415704496
0.952000        3.08402729996396
0.953000        3.088138368067151
0.954000        3.0922516213121067
0.955000        3.0963670609575544
0.956000        3.1004846883025277
0.957000        3.104604504607705
0.958000        3.1087265111731224
0.959000        3.1128507092613944
0.960000        3.1169771001735835
0.961000        3.1211056851742214
0.962000        3.125236465565406
0.963000        3.1293694426135854
0.964000        3.1335046176219024
0.965000        3.1376419918587075
0.966000        3.141781566628195
0.967000        3.1459233432006144
0.968000        3.1500673228812257
0.969000        3.1542135069421704
0.970000        3.1583618966897777
0.971000        3.162512493398065
0.972000        3.1666652983744488
0.973000        3.1708203128948202
0.974000        3.17497753826769
0.975000        3.1791369757708114
0.976000        3.183298626713796
0.977000        3.187462492376252
0.978000        3.191628574068906
0.979000        3.1957968730732116
0.980000        3.199967390701019
0.981000        3.20414012823562
0.982000        3.208315086989998
0.983000        3.2124922682492745
0.984000        3.216671673327573
0.985000        3.2208533035118396
0.986000        3.2250371601173473
0.987000        3.229223244432859
0.988000        3.2334115577748044
0.989000        3.237602101433758
0.990000        3.2417948767273117
0.991000        3.2459898849478446
0.992000        3.250187127414124
0.993000        3.2543866054203257
0.994000        3.258588320286396
0.995000        3.2627922733083015
0.996000        3.2669984658071805
0.997000        3.2712068990807808
0.998000        3.2754175744514384
0.999000        3.2796304932186775
1.000000        3.283845656706042
1.001000        3.288063066214825
1.002000        3.2922827230697784
1.003000        3.296504628573965
1.004000        3.300728784053357
1.005000        3.3049551908127732
1.006000        3.309183850179414
1.007000        3.3134147634598516
1.008000        3.3176479319825187
1.009000        3.3218833570557376
1.010000        3.3261210400091787
1.011000        3.330360982152909
1.012000        3.3346031848178423
1.013000        3.3388476493157846
1.014000        3.343094376978904
1.015000        3.347343369120738
1.016000        3.3515946270747126
1.017000        3.355848152156094
1.018000        3.3601039456995743
1.019000        3.3643620090221393
1.020000        3.3686223434597533
1.021000        3.3728849503311213
1.022000        3.377149830973483
1.023000        3.3814169867072597
1.024000        3.3856864188709697
1.025000        3.389958128786745
1.026000        3.3942321177943935
1.027000        3.398508387217751
1.028000        3.4027869383979166
1.029000        3.4070677726604295
1.030000        3.411350891347686
1.031000        3.4156362957869195
1.032000        3.4199239873218357
1.033000        3.424213967281359
1.034000        3.4285062370105006
1.035000        3.4328007978398745
1.036000        3.437097651115808
1.037000        3.4413967981705973
1.038000        3.4456982403518897
1.039000        3.4500019789936616
1.040000        3.4543080154448838
1.041000        3.458616351041215
1.042000        3.462926987132949
1.043000        3.4672399250574166
1.044000        3.471555166166249
1.045000        3.4758727117984467
1.046000        3.480192563306977
1.047000        3.4845147220325057
1.048000        3.488839189329342
1.049000        3.4931659665398165
1.050000        3.497495055019588
1.051000        3.5018264561126404
1.052000        3.5061601711759867
1.053000        3.5104962015552683
1.054000        3.5148345486088513
1.055000        3.519175213684031
1.056000        3.5235181981405326
1.057000        3.5278635033273016
1.058000        3.532211130605427
1.059000        3.5365610813255
1.060000        3.540913356849977
1.061000        3.5452679585310953
1.062000        3.5496248877326817
1.063000        3.553984145808613
1.064000        3.5583457341240905
1.065000        3.5627096540346326
1.066000        3.5670759069068154
1.067000        3.5714444940977987
1.068000        3.5758154169755336
1.069000        3.580188676898814
1.070000        3.584564275236982
1.071000        3.5889422133504585
1.072000        3.5933224926099747
1.073000        3.5977051143775807
1.074000        3.6020900800253983
1.075000        3.6064773909171013
1.076000        3.6108670484262113
1.077000        3.6152590539180274
1.078000        3.6196534087674603
1.079000        3.6240501143414363
1.080000        3.6284491720162677
1.081000        3.6328505831605007
1.082000        3.637254349151851
1.083000        3.6416604713604794
1.084000        3.646068951165512
1.085000        3.6504797899387214
1.086000        3.654892989060647
1.087000        3.6593085499046722
1.088000        3.6637264738527495
1.089000        3.668146762279873
1.090000        3.672569416569411
1.091000        3.676994438097969
1.092000        3.681421828250329
1.093000        3.685851588404706
1.094000        3.6902837199473026
1.095000        3.6947182242579366
1.096000        3.699155102724239
1.097000        3.7035943567276295
1.098000        3.7080359876571602
1.099000        3.712479996895853
1.100000        3.716926385834192
1.101000        3.7213751558567996
1.102000        3.7258263083555896
1.103000        3.7302798447167795
1.104000        3.734735766333719
1.105000        3.739194074594222
1.106000        3.7436547708930714
1.107000        3.7481178566196753
1.108000        3.752583333170257
1.109000        3.757051201935816
1.110000        3.7615214643140167
1.111000        3.7659941216974477
1.112000        3.770469175485216
1.113000        3.774946627071502
1.114000        3.7794264778568554
1.115000        3.783908729237046
1.116000        3.7883933826140677
1.117000        3.7928804393852786
1.118000        3.7973699009541217
1.119000        3.8018617687195366
1.120000        3.806356044086419
1.121000        3.8108527284552896
1.122000        3.8153518232325023
1.123000        3.8198533298201607
1.124000        3.824357249626063
1.125000        3.8288635840539005
1.126000        3.83337233451293
1.127000        3.837883502408417
1.128000        3.842397089151076
1.129000        3.846913096147752
1.130000        3.8514315248106215
1.131000        3.8559523765481067
1.132000        3.8604756527738395
1.133000        3.8650013548978226
1.134000        3.869529484335148
1.135000        3.8740600424973977
1.136000        3.8785930308011274
1.137000        3.883128450659484
1.138000        3.887666303490498
1.139000        3.892206590708886
1.140000        3.8967493137341425
1.141000        3.901294473982558
1.142000        3.9058420728750978
1.143000        3.9103921118296228
1.144000        3.9149445922685633
1.145000        3.919499515611353
1.146000        3.924056883281894
1.147000        3.9286166967011855
1.148000        3.9331789572946025
1.149000        3.937743666484714
1.150000        3.9423108256983674
1.151000        3.9468804363596988
1.152000        3.95145249989703
1.153000        3.9560270177360604
1.154000        3.9606039913065896
1.155000        3.9651834220358833
1.156000        3.969765311355216
1.157000        3.9743496606934148
1.158000        3.978936471483239
1.159000        3.983525745155074
1.160000        3.9881174831431583
1.161000        3.9927116868794386
1.162000        3.9973083577996373
1.163000        4.001907497337262
1.164000        4.006509106929512
1.165000        4.0111131880114534
1.166000        4.015719742021776
1.167000        4.020328770397102
1.168000        4.024940274577604
1.169000        4.029554256001463
1.170000        4.034170716110333
1.171000        4.038789656343953
1.172000        4.043411078145468
1.173000        4.048034982956169
1.174000        4.052661372220687
1.175000        4.05729024738187
1.176000        4.061921609885834
1.177000        4.066555461176982
1.178000        4.0711918027029235
1.179000        4.075830635909611
1.180000        4.080471962246145
1.181000        4.085115783160029
1.182000        4.0897621001018525
1.183000        4.094410914520671
1.184000        4.099062227868565
1.185000        4.103716041596147
1.186000        4.108372357156984
1.187000        4.11303117600324
1.188000        4.117692499589973
1.189000        4.122356329370895
1.190000        4.12702266680256
1.191000        4.131691513340231
1.192000        4.1363628704419515
1.193000        4.141036739564532
1.194000        4.145713122167518
1.195000        4.15039201970926
1.196000        4.155073433650795
1.197000        4.159757365452027
1.198000        4.164443816575487
1.199000        4.169132788482623
1.200000        4.173824282637463
1.201000        4.178518300503004
1.202000        4.183214843544764
1.203000        4.187913913227284
1.204000        4.192615511017584
1.205000        4.197319638381746
1.206000        4.202026296788292
1.207000        4.206735487704842
1.208000        4.211447212601415
1.209000        4.216161472947176
1.210000        4.220878270213641
1.211000        4.225597605871519
1.212000        4.230319481393822
1.213000        4.235043898252796
1.214000        4.239770857922959
1.215000        4.244500361878098
1.216000        4.249232411594223
1.217000        4.253967008546665
1.218000        4.258704154212936
1.219000        4.2634438500698995
1.220000        4.268186097596571
1.221000        4.272930898271353
1.222000        4.277678253574761
1.223000        4.282428164986735
1.224000        4.287180633989291
1.225000        4.291935662063903
1.226000        4.296693250694087
1.227000        4.301453401362856
1.228000        4.3062161155552285
1.229000        4.310981394755752
1.230000        4.315749240450945
1.231000        4.320519654126885
1.232000        4.325292637271598
1.233000        4.330068191372698
1.234000        4.334846317919705
1.235000        4.339627018401769
1.236000        4.344410294309917
1.237000        4.349196147134824
1.238000        4.353984578369019
1.239000        4.358775589504713
1.240000        4.363569182035937
1.241000        4.36836535745643
1.242000        4.373164117261725
1.243000        4.377965462947094
1.244000        4.38276939600957
1.245000        4.387575917945954
1.246000        4.392385030254783
1.247000        4.397196734434386
1.248000        4.402011031984802
1.249000        4.4068279244058886
1.250000        4.411647413199185
1.251000        4.416469499866082
1.252000        4.421294185909618
1.253000        4.426121472832703
1.254000        4.430951362139885
1.255000        4.4357838553356
1.256000        4.440618953925897
1.257000        4.44545665941674
1.258000        4.450296973315673
1.259000        4.455139897130191
1.260000        4.459985432369338
1.261000        4.46483358054213
1.262000        4.469684343159116
1.263000        4.474537721730831
1.264000        4.479393717769332
1.265000        4.484252332786674
1.266000        4.489113568296412
1.267000        4.493977425812124
1.268000        4.498843906848869
1.269000        4.503713012921741
1.270000        4.508584745547303
1.271000        4.513459106242173
1.272000        4.518336096524408
1.273000        4.523215717912146
1.274000        4.528097971924947
1.275000        4.532982860082468
1.276000        4.537870383905769
1.277000        4.542760544916028
1.278000        4.547653344635799
1.279000        4.552548784587776
1.280000        4.557446866296019
1.281000        4.562347591284732
1.282000        4.567250961079479
1.283000        4.572156977205982
1.284000        4.577065641191297
1.285000        4.5819769545626645
1.286000        4.586890918848637
1.287000        4.591807535577971
1.288000        4.596726806280715
1.289000        4.601648732487142
1.290000        4.6065733157288005
1.291000        4.611500557537468
1.292000        4.6164304594462
1.293000        4.621363022988275
1.294000        4.626298249698246
1.295000        4.631236141110914
1.296000        4.63617669876232
1.297000        4.641119924188777
1.298000        4.646065818927823
1.299000        4.651014384517277
1.300000        4.655965622496174
1.301000        4.660919534403842
1.302000        4.6658761217808085
1.303000        4.67083538616791
1.304000        4.675797329107175
1.305000        4.680761952140939
1.306000        4.6857292568127225
1.307000        4.690699244666375
1.308000        4.695671917246907
1.309000        4.700647276099671
1.310000        4.705625322771171
1.311000        4.710606058808263
1.312000        4.7155894857589455
1.313000        4.720575605171577
1.314000        4.725564418595646
1.315000        4.730555927581014
1.316000        4.735550133678659
1.317000        4.7405470384399475
1.318000        4.745546643417349
1.319000        4.750548950163726
1.320000        4.7555539602330406
1.321000        4.760561675179648
1.322000        4.765572096559003
1.323000        4.7705852259269665
1.324000        4.775601064840474
1.325000        4.780619614856887
1.326000        4.785640877534627
1.327000        4.790664854432553
1.328000        4.795691547110573
1.329000        4.800720957129041
1.330000        4.805753086049352
1.331000        4.810787935433355
1.332000        4.815825506843929
1.333000        4.820865801844418
1.334000        4.825908821999189
1.335000        4.8309545688730715
1.336000        4.836003044031919
1.337000        4.841054249042056
1.338000        4.846108185470815
1.339000        4.85116485488601
1.340000        4.856224258856459
1.341000        4.861286398951464
1.342000        4.866351276741328
1.343000        4.8714188937968395
1.344000        4.8764892516897795
1.345000        4.881562351992425
1.346000        4.886638196278037
1.347000        4.89171678612038
1.348000        4.896798123094191
1.349000        4.901882208774721
1.350000        4.906969044738187
1.351000        4.912058632561324
1.352000        4.917150973821823
1.353000        4.922246070097906
1.354000        4.927343922968737
1.355000        4.9324445340140155
1.356000        4.937547904814387
1.357000        4.942654036951032
1.358000        4.947762932006071
1.359000        4.952874591562159
1.360000        4.957989017202889
1.361000        4.963106210512398
1.362000        4.968226173075752
1.363000        4.973348906478563
1.364000        4.978474412307367
1.365000        4.983602692149256
1.366000        4.988733747592233
1.367000        4.993867580224867
1.368000        4.9990041916366295
1.369000        5.0041435834175605
1.370000        5.009285757158596
1.371000        5.014430714451253
1.372000        5.019578456887942
1.373000        5.024728986061643
1.374000        5.029882303566231
1.375000        5.035038410996155
1.376000        5.040197309946759
1.377000        5.045359002013958
1.378000        5.0505234887945605
1.379000        5.0556907718859545
1.380000        5.060860852886398
1.381000        5.06603373339475
1.382000        5.071209415010738
1.383000        5.076387899334682
1.384000        5.0815691879677605
1.385000        5.08675328251176
1.386000        5.091940184569321
1.387000        5.097129895743693
1.388000        5.102322417638977
1.389000        5.107517751859872
1.390000        5.112715900011942
1.391000        5.11791686370135
1.392000        5.123120644535106
1.393000        5.128327244120834
1.394000        5.1335366640670035
1.395000        5.138748905982686
1.396000        5.143963971477808
1.397000        5.149181862162894
1.398000        5.154402579649322
1.399000        5.159626125549076
1.400000        5.164852501474973
1.401000        5.1700817090404545
1.402000        5.175313749859788
1.403000        5.1805486255478606
1.404000        5.185786337720392
1.405000        5.191026887993717
1.406000        5.1962702779850005
1.407000        5.2015165093120235
1.408000        5.206765583593393
1.409000        5.212017502448342
1.410000        5.21727226749692
1.411000        5.222529880359803
1.412000        5.227790342658476
1.413000        5.233053656015063
1.414000        5.2383198220524925
1.415000        5.243588842394324
1.416000        5.248860718664927
1.417000        5.254135452489303
1.418000        5.259413045493254
1.419000        5.264693499303224
1.420000        5.26997681554645
1.421000        5.275262995850808
1.422000        5.28055204184497
1.423000        5.285843955158255
1.424000        5.2911387374207575
1.425000        5.296436390263233
1.426000        5.301736915317212
1.427000        5.307040314214875
1.428000        5.312346588589181
1.429000        5.317655740073745
1.430000        5.322967770302956
1.431000        5.328282680911851
1.432000        5.3336004735362454
1.433000        5.338921149812608
1.434000        5.344244711378176
1.435000        5.3495711598708375
1.436000        5.354900496929259
1.437000        5.360232724192755
1.438000        5.365567843301408
1.439000        5.37090585589595
1.440000        5.376246763617891
1.441000        5.381590568109376
1.442000        5.386937271013332
1.443000        5.392286873973331
1.444000        5.397639378633709
1.445000        5.402994786639452
1.446000        5.408353099636313
1.447000        5.413714319270696
1.448000        5.41907844718976
1.449000        5.424445485041325
1.450000        5.42981543447396
1.451000        5.435188297136891
1.452000        5.440564074680102
1.453000        5.445942768754225
1.454000        5.45132438101065
1.455000        5.4567089131014175
1.456000        5.4620963666793205
1.457000        5.4674867433978065
1.458000        5.47288004491107
1.459000        5.478276272873959
1.460000        5.483675428942078
1.461000        5.489077514771669
1.462000        5.494482532019731
1.463000        5.4998904823439165
1.464000        5.505301367402614
1.465000        5.510715188854874
1.466000        5.516131948360481
1.467000        5.521551647579884
1.468000        5.526974288174257
1.469000        5.532399871805438
1.470000        5.537828400136
1.471000        5.54325987482917
1.472000        5.548694297548909
1.473000        5.554131669959835
1.474000        5.559571993727291
1.475000        5.565015270517284
1.476000        5.5704615019965456
1.477000        5.575910689832465
1.478000        5.581362835693158
1.479000        5.586817941247396
1.480000        5.592276008164676
1.481000        5.597737038115149
1.482000        5.6032010327696895
1.483000        5.608667993799829
1.484000        5.6141379228778145
1.485000        5.619610821676563
1.486000        5.625086691869692
1.487000        5.6305655351314865
1.488000        5.636047353136943
1.489000        5.641532147561714
1.490000        5.6470199200821725
1.491000        5.652510672375332
1.492000        5.658004406118938
1.493000        5.663501122991372
1.494000        5.669000824671741
1.495000        5.674503512839799
1.496000        5.68000918917601
1.497000        5.685517855361493
1.498000        5.691029513078073
1.499000        5.69654416400823
1.500000        5.702061809835145
1.501000        5.707582452242656
1.502000        5.713106092915307
1.503000        5.718632733538286
1.504000        5.724162375797491
1.505000        5.729695021379465
1.506000        5.735230671971456
1.507000        5.74076932926136
1.508000        5.746310994937772
1.509000        5.751855670689942
1.510000        5.75740335820781
1.511000        5.762954059181965
1.512000        5.768507775303696
1.513000        5.77406450826494
1.514000        5.779624259758322
1.515000        5.785187031477122
1.516000        5.7907528251153035
1.517000        5.796321642367488
1.518000        5.801893484928973
1.519000        5.807468354495718
1.520000        5.8130462527643605
1.521000        5.818627181432181
1.522000        5.824211142197155
1.523000        5.829798136757898
1.524000        5.835388166813708
1.525000        5.840981234064534
1.526000        5.846577340210999
1.527000        5.8521764869543755
1.528000        5.857778675996613
1.529000        5.863383909040307
1.530000        5.868992187788731
1.531000        5.874603513945797
1.532000        5.880217889216096
1.533000        5.885835315304865
1.534000        5.8914557939180074
1.535000        5.89707932676207
1.536000        5.902705915544276
1.537000        5.908335561972487
1.538000        5.913968267755228
1.539000        5.919604034601676
1.540000        5.925242864221666
1.541000        5.930884758325677
1.542000        5.936529718624849
1.543000        5.942177746830964
1.544000        5.947828844656474
1.545000        5.953483013814456
1.546000        5.95914025601866
1.547000        5.96480057298346
1.548000        5.970463966423905
1.549000        5.976130438055668
1.550000        5.981799989595089
1.551000        5.987472622759135
1.552000        5.9931483392654314
1.553000        5.998827140832242
1.554000        6.004509029178475
1.555000        6.010194006023685
1.556000        6.015882073088065
1.557000        6.021573232092447
1.558000        6.027267484758315
1.559000        6.0329648328077745
1.560000        6.038665277963592
1.561000        6.044368821949156
1.562000        6.050075466488508
1.563000        6.055785213306301
1.564000        6.06149806412785
1.565000        6.067214020679092
1.566000        6.0729330846866105
1.567000        6.078655257877607
1.568000        6.084380541979925
1.569000        6.090108938722043
1.570000        6.095840449833066
1.571000        6.101575077042728
1.572000        6.107312822081404
1.573000        6.113053686680075
1.574000        6.118797672570384
1.575000        6.12454478148457
1.576000        6.1302950151555216
1.577000        6.13604837531674
1.578000        6.141804863702358
1.579000        6.147564482047127
1.580000        6.153327232086429
1.581000        6.159093115556264
1.582000        6.164862134193257
1.583000        6.170634289734647
1.584000        6.176409583918307
1.585000        6.182188018482719
1.586000        6.187969595166987
1.587000        6.193754315710827
1.588000        6.199542181854582
1.589000        6.205333195339204
1.590000        6.211127357906264
1.591000        6.216924671297946
1.592000        6.222725137257044
1.593000        6.22852875752697
1.594000        6.234335533851752
1.595000        6.240145467976017
1.596000        6.245958561645011
1.597000        6.251774816604584
1.598000        6.2575942346012035
1.599000        6.2634168173819305
1.600000        6.2692425666944445
1.601000        6.275071484287029
1.602000        6.280903571908567
1.603000        6.286738831308551
1.604000        6.2925772642370745
1.605000        6.298418872444831
1.606000        6.304263657683126
1.607000        6.310111621703847
1.608000        6.315962766259492
1.609000        6.321817093103167
1.610000        6.327674603988555
1.611000        6.333535300669951
1.612000        6.339399184902245
1.613000        6.345266258440915
1.614000        6.351136523042037
1.615000        6.35700998046228
1.616000        6.362886632458906
1.617000        6.36876648078977
1.618000        6.3746495272133075
1.619000        6.380535773488557
1.620000        6.386425221375138
1.621000        6.392317872633257
1.622000        6.398213729023709
1.623000        6.404112792307881
1.624000        6.41001506424773
1.625000        6.415920546605811
1.626000        6.421829241145254
1.627000        6.427741149629767
1.628000        6.433656273823658
1.629000        6.439574615491786
1.630000        6.445496176399612
1.631000        6.451420958313168
1.632000        6.45734896299906
1.633000        6.46328019222447
1.634000        6.469214647757163
1.635000        6.475152331365461
1.636000        6.4810932448182825
1.637000        6.487037389885096
1.638000        6.492984768335955
1.639000        6.498935381941475
1.640000        6.504889232472845
1.641000        6.51084632170182
1.642000        6.516806651400724
1.643000        6.522770223342441
1.644000        6.528737039300427
1.645000        6.534707101048696
1.646000        6.5406804103618335
1.647000        6.546656969014975
1.648000        6.552636778783825
1.649000        6.558619841444642
1.650000        6.564606158774247
1.651000        6.570595732550018
1.652000        6.576588564549894
1.653000        6.582584656552356
1.654000        6.588584010336458
1.655000        6.594586627681785
1.656000        6.600592510368497
1.657000        6.606601660177287
1.658000        6.612614078889411
1.659000        6.618629768286667
1.660000        6.624648730151403
1.661000        6.630670966266507
1.662000        6.636696478415427
1.663000        6.642725268382144
1.664000        6.648757337951189
1.665000        6.6547926889076265
1.666000        6.660831323037076
1.667000        6.666873242125682
1.668000        6.672918447960143
1.669000        6.67896694232768
1.670000        6.685018727016068
1.671000        6.691073803813598
1.672000        6.697132174509115
1.673000        6.703193840891984
1.674000        6.709258804752107
1.675000        6.715327067879919
1.676000        6.721398632066382
1.677000        6.727473499102988
1.678000        6.7335516707817575
1.679000        6.7396331488952335
1.680000        6.745717935236492
1.681000        6.7518060315991235
1.682000        6.757897439777253
1.683000        6.763992161565518
1.684000        6.770090198759078
1.685000        6.77619155315362
1.686000        6.782296226545334
1.687000        6.788404220730946
1.688000        6.794515537507682
1.689000        6.800630178673288
1.690000        6.8067481460260275
1.691000        6.8128694413646755
1.692000        6.818994066488514
1.693000        6.825122023197334
1.694000        6.831253313291441
1.695000        6.8373879385716485
1.696000        6.843525900839268
1.697000        6.849667201896118
1.698000        6.855811843544533
1.699000        6.861959827587334
1.700000        6.868111155827851
1.701000        6.874265830069916
1.702000        6.880423852117858
1.703000        6.886585223776496
1.704000        6.892749946851154
1.705000        6.8989180231476475
1.706000        6.905089454472293
1.707000        6.911264242631887
1.708000        6.917442389433731
1.709000        6.923623896685605
1.710000        6.929808766195787
1.711000        6.935996999773025
1.712000        6.942188599226579
1.713000        6.948383566366175
1.714000        6.954581903002026
1.715000        6.96078361094483
1.716000        6.9669886920057635
1.717000        6.973197147996487
1.718000        6.979408980729133
1.719000        6.985624192016314
1.720000        6.991842783671121
1.721000        6.998064757507116
1.722000        7.004290115338332
1.723000        7.010518858979278
1.724000        7.01675099024493
1.725000        7.022986510950734
1.726000        7.02922542291261
1.727000        7.0354677279469335
1.728000        7.0417134278705475
1.729000        7.047962524500761
1.730000        7.054215019655345
1.731000        7.060470915152532
1.732000        7.066730212811013
1.733000        7.07299291444993
1.734000        7.079259021888898
1.735000        7.085528536947972
1.736000        7.091801461447666
1.737000        7.098077797208948
1.738000        7.104357546053237
1.739000        7.1106407098024
1.740000        7.116927290278749
1.741000        7.12321728930505
1.742000        7.129510708704508
1.743000        7.135807550300779
1.744000        7.142107815917953
1.745000        7.148411507380565
1.746000        7.154718626513596
1.747000        7.161029175142449
1.748000        7.167343155092983
1.749000        7.173660568191483
1.750000        7.179981416264663
1.751000        7.186305701139677
1.752000        7.192633424644104
1.753000        7.198964588605957
1.754000        7.20529919485368
1.755000        7.211637245216139
1.756000        7.2179787415226215
1.757000        7.224323685602847
1.758000        7.230672079286943
1.759000        7.237023924405477
1.760000        7.243379222789422
1.761000        7.249737976270172
1.762000        7.256100186679536
1.763000        7.262465855849737
1.764000        7.268834985613417
1.765000        7.275207577803624
1.766000        7.28158363425381
1.767000        7.287963156797854
1.768000        7.294346147270019
1.769000        7.300732607504997
1.770000        7.307122539337861
1.771000        7.313515944604099
1.772000        7.319912825139596
1.773000        7.326313182780638
1.774000        7.332717019363912
1.775000        7.339124336726492
1.776000        7.345535136705852
1.777000        7.35194942113986
1.778000        7.358367191866769
1.779000        7.364788450725229
1.780000        7.371213199554269
1.781000        7.377641440193319
1.782000        7.384073174482175
1.783000        7.390508404261038
1.784000        7.396947131370474
1.785000        7.403389357651431
1.786000        7.4098350849452395
1.787000        7.4162843150936055
1.788000        7.422737049938611
1.789000        7.429193291322704
1.790000        7.435653041088717
1.791000        7.442116301079842
1.792000        7.448583073139652
1.793000        7.455053359112071
1.794000        7.461527160841399
1.795000        7.468004480172294
1.796000        7.474485318949778
1.797000        7.4809696790192355
1.798000        7.487457562226407
1.799000        7.493948970417385
1.800000        7.50044390543863
1.801000        7.506942369136944
1.802000        7.513444363359483
1.803000        7.519949889953754
1.804000        7.526458950767619
1.805000        7.532971547649279
1.806000        7.539487682447277
1.807000        7.546007357010502
1.808000        7.552530573188193
1.809000        7.559057332829912
1.810000        7.56558763778558
1.811000        7.5721214899054345
1.812000        7.57865889104005
1.813000        7.58519984304035
1.814000        7.591744347757569
1.815000        7.598292407043285
1.816000        7.604844022749393
1.817000        7.611399196728122
1.818000        7.61795793083202
1.819000        7.624520226913955
1.820000        7.631086086827114
1.821000        7.637655512425013
1.822000        7.644228505561479
1.823000        7.650805068090644
1.824000        7.657385201866969
1.825000        7.663968908745218
1.826000        7.670556190580459
1.827000        7.677147049228076
1.828000        7.683741486543756
1.829000        7.690339504383488
1.830000        7.696941104603564
1.831000        7.703546289060576
1.832000        7.71015505961142
1.833000        7.716767418113278
1.834000        7.723383366423633
1.835000        7.730002906400255
1.836000        7.736626039901211
1.837000        7.743252768784856
1.838000        7.749883094909826
1.839000        7.756517020135046
1.840000        7.763154546319733
1.841000        7.769795675323369
1.842000        7.776440409005723
1.843000        7.783088749226842
1.844000        7.789740697847051
1.845000        7.796396256726943
1.846000        7.803055427727379
1.847000        7.809718212709505
1.848000        7.816384613534719
1.849000        7.823054632064693
1.850000        7.8297282701613575
1.851000        7.83640552968691
1.852000        7.843086412503805
1.853000        7.849770920474757
1.854000        7.856459055462736
1.855000        7.863150819330961
1.856000        7.869846213942914
1.857000        7.876545241162315
1.858000        7.883247902853139
1.859000        7.889954200879604
1.860000        7.896664137106171
1.861000        7.903377713397539
1.862000        7.910094931618666
1.863000        7.916815793634726
1.864000        7.923540301311139
1.865000        7.930268456513556
1.866000        7.937000261107862
1.867000        7.943735716960163
1.868000        7.950474825936812
1.869000        7.957217589904367
1.870000        7.963964010729622
1.871000        7.970714090279586
1.872000        7.977467830421489
1.873000        7.984225233022784
1.874000        7.990986299951125
1.875000        7.99775103307439
1.876000        8.004519434260676
1.877000        8.01129150537827
1.878000        8.01806724829568
1.879000        8.0248466648816
1.880000        8.031629757004954
1.881000        8.038416526534846
1.882000        8.045206975340584
1.883000        8.052001105291673
1.884000        8.05879891825781
1.885000        8.06560041610889
1.886000        8.072405600714983
1.887000        8.079214473946365
1.888000        8.086027037673482
1.889000        8.092843293766968
1.890000        8.099663244097641
1.891000        8.106486890536498
1.892000        8.11331423495471
1.893000        8.120145279223618
1.894000        8.126980025214742
1.895000        8.133818474799764
1.896000        8.140660629850547
1.897000        8.147506492239106
1.898000        8.154356063837625
1.899000        8.161209346518447
1.900000        8.16806634215408
1.901000        8.174927052617182
1.902000        8.18179147978056
1.903000        8.188659625517182
1.904000        8.195531491700166
1.905000        8.202407080202772
1.906000        8.209286392898402
1.907000        8.216169431660614
1.908000        8.223056198363093
1.909000        8.229946694879672
1.910000        8.236840923084312
1.911000        8.243738884851119
1.912000        8.25064058205431
1.913000        8.257546016568252
1.914000        8.264455190267427
1.915000        8.27136810502644
1.916000        8.27828476272003
1.917000        8.28520516522304
1.918000        8.292129314410442
1.919000        8.299057212157308
1.920000        8.305988860338843
1.921000        8.31292426083035
1.922000        8.319863415507243
1.923000        8.326806326245027
1.924000        8.333752994919344
1.925000        8.340703423405895
1.926000        8.347657613580513
1.927000        8.354615567319094
1.928000        8.361577286497667
1.929000        8.368542772992317
1.930000        8.375512028679243
1.931000        8.382485055434707
1.932000        8.389461855135064
1.933000        8.396442429656755
1.934000        8.403426780876298
1.935000        8.41041491067028
1.936000        8.417406820915371
1.937000        8.424402513488307
1.938000        8.43140199026589
1.939000        8.43840525312499
1.940000        8.44541230394255
1.941000        8.45242314459556
1.942000        8.459437776961074
1.943000        8.466456202916206
1.944000        8.473478424338122
1.945000        8.480504443104032
1.946000        8.487534261091199
1.947000        8.494567880176938
1.948000        8.501605302238602
1.949000        8.508646529153584
1.950000        8.515691562799311
1.951000        8.522740405053256
1.952000        8.529793057792926
1.953000        8.536849522895842
1.954000        8.543909802239572
1.955000        8.550973897701692
1.956000        8.558041811159818
1.957000        8.56511354449157
1.958000        8.572189099574594
1.959000        8.579268478286561
1.960000        8.586351682505128
1.961000        8.59343871410799
1.962000        8.600529574972828
1.963000        8.607624266977336
1.964000        8.614722791999213
1.965000        8.621825151916145
1.966000        8.628931348605832
1.967000        8.636041383945944
1.968000        8.643155259814165
1.969000        8.65027297808816
1.970000        8.657394540645566
1.971000        8.664519949364024
1.972000        8.671649206121142
1.973000        8.678782312794507
1.974000        8.685919271261685
1.975000        8.693060083400201
1.976000        8.700204751087572
1.977000        8.70735327620126
1.978000        8.714505660618698
1.979000        8.721661906217289
1.980000        8.728822014874378
1.981000        8.735985988467277
1.982000        8.74315382887324
1.983000        8.750325537969488
1.984000        8.757501117633172
1.985000        8.76468056974139
1.986000        8.77186389617119
1.987000        8.779051098799549
1.988000        8.78624217950339
1.989000        8.793437140159554
1.990000        8.800635982644831
1.991000        8.80783870883591
1.992000        8.815045320609439
1.993000        8.822255819841963
1.994000        8.829470208409955
1.995000        8.8366884881898
1.996000        8.843910661057791
1.997000        8.851136728890147
1.998000        8.858366693562974
1.999000        8.865600556952298
2.000000        8.872838320934036
2.001000        8.880079987384011
2.002000        8.887325558177931
2.003000        8.894575035191405
2.004000        8.901828420299928
2.005000        8.909085715378882
2.006000        8.916346922303532
2.007000        8.923612042949031
2.008000        8.930881079190396
2.009000        8.93815403290252
2.010000        8.945430905960183
2.011000        8.952711700238016
2.012000        8.959996417610526
2.013000        8.967285059952076
2.014000        8.974577629136888
2.015000        8.981874127039056
2.016000        8.9891745555325
2.017000        8.996478916491014
2.018000        9.003787211788232
2.019000        9.011099443297624
2.020000        9.018415612892511
2.021000        9.025735722446047
2.022000        9.03305977383123
2.023000        9.040387768920873
2.024000        9.04771970958764
2.025000        9.055055597703998
2.026000        9.062395435142253
2.027000        9.06973922377452
2.028000        9.077086965472741
2.029000        9.084438662108653
2.030000        9.09179431555383
2.031000        9.09915392767963
2.032000        9.106517500357224
2.033000        9.113885035457585
2.034000        9.121256534851476
2.035000        9.128632000409457
2.036000        9.136011434001887
2.037000        9.143394837498903
2.038000        9.15078221277043
2.039000        9.15817356168618
2.040000        9.165568886115633
2.041000        9.17296818792805
2.042000        9.180371468992462
2.043000        9.18777873117767
2.044000        9.19518997635224
2.045000        9.202605206384494
2.046000        9.210024423142524
2.047000        9.217447628494163
2.048000        9.224874824307012
2.049000        9.232306012448412
2.050000        9.239741194785445
2.051000        9.247180373184943
2.052000        9.254623549513475
2.053000        9.26207072563735
2.054000        9.269521903422596
2.055000        9.276977084734984
2.056000        9.284436271440004
2.057000        9.291899465402864
2.058000        9.2993666684885
2.059000        9.306837882561549
2.060000        9.314313109486385
2.061000        9.321792351127066
2.062000        9.329275609347363
2.063000        9.336762886010764
2.064000        9.344254182980425
2.065000        9.351749502119226
2.066000        9.35924884528972
2.067000        9.366752214354158
2.068000        9.374259611174466
2.069000        9.381771037612264
2.070000        9.38928649552884
2.071000        9.396805986785157
2.072000        9.404329513241859
2.073000        9.41185707675924
2.074000        9.419388679197272
2.075000        9.426924322415584
2.076000        9.434464008273455
2.077000        9.442007738629826
2.078000        9.449555515343278
2.079000        9.457107340272053
2.080000        9.464663215274019
2.081000        9.47222314220669
2.082000        9.47978712292722
2.083000        9.487355159292392
2.084000        9.494927253158611
2.085000        9.502503406381916
2.086000        9.510083620817959
2.087000        9.517667898322014
2.088000        9.525256240748977
2.089000        9.53284864995334
2.090000        9.540445127789202
2.091000        9.548045676110274
2.092000        9.555650296769862
2.093000        9.563258991620874
2.094000        9.570871762515793
2.095000        9.578488611306714
2.096000        9.586109539845289
2.097000        9.593734549982774
2.098000        9.601363643569993
2.099000        9.608996822457343
2.100000        9.616634088494791
2.101000        9.624275443531879
2.102000        9.631920889417696
2.103000        9.639570428000898
2.104000        9.647224061129691
2.105000        9.654881790651842
2.106000        9.662543618414656
2.107000        9.670209546264985
2.108000        9.677879576049218
2.109000        9.685553709613284
2.110000        9.69323194880264
2.111000        9.700914295462276
2.112000        9.708600751436698
2.113000        9.71629131856994
2.114000        9.723985998705555
2.115000        9.7316847936866
2.116000        9.739387705355643
2.117000        9.747094735554764
2.118000        9.754805886125538
2.119000        9.762521158909038
2.120000        9.770240555745833
2.121000        9.777964078475975
2.122000        9.78569172893901
2.123000        9.793423508973959
2.124000        9.801159420419324
2.125000        9.80889946511309
2.126000        9.81664364489269
2.127000        9.824391961595044
2.128000        9.832144417056515
2.129000        9.83990101311294
2.130000        9.847661751599606
2.131000        9.85542663435124
2.132000        9.863195663202024
2.133000        9.870968839985583
2.134000        9.878746166534974
2.135000        9.886527644682687
2.136000        9.894313276260661
2.137000        9.902103063100228
2.138000        9.909897007032164
2.139000        9.917695109886658
2.140000        9.925497373493311
2.141000        9.93330379968113
2.142000        9.941114390278543
2.143000        9.94892914711335
2.144000        9.956748072012775
2.145000        9.96457116680342
2.146000        9.972398433311284
2.147000        9.98022987336175
2.148000        9.988065488779569
2.149000        9.995905281388886
2.150000        10.003749253013204
2.151000        10.011597405475403
2.152000        10.019449740597718
2.153000        10.027306260201751
2.154000        10.035166966108456
2.155000        10.043031860138147
2.156000        10.050900944110463
2.157000        10.058774219844405
2.158000        10.066651689158306
2.159000        10.074533353869835
2.160000        10.082419215795984
2.161000        10.090309276753068
2.162000        10.098203538556746
2.163000        10.106102003021967
2.164000        10.114004671963006
2.165000        10.121911547193442
2.166000        10.129822630526157
2.167000        10.13773792377334
2.168000        10.145657428746464
2.169000        10.153581147256304
2.170000        10.161509081112904
2.171000        10.16944123212561
2.172000        10.177377602103032
2.173000        10.185318192853067
2.174000        10.193263006182868
2.175000        10.201212043898849
2.176000        10.209165307806696
2.177000        10.217122799711348
2.178000        10.225084521416989
2.179000        10.233050474727051
2.180000        10.241020661444214
2.181000        10.248995083370389
2.182000        10.25697374230672
2.183000        10.26495664005358
2.184000        10.272943778410575
2.185000        10.280935159176522
2.186000        10.28893078414945
2.187000        10.296930655126612
2.188000        10.304934773904442
2.189000        10.312943142278602
2.190000        10.320955762043933
2.191000        10.328972634994479
2.192000        10.336993762923463
2.193000        10.3450191476233
2.194000        10.35304879088557
2.195000        10.361082694501047
2.196000        10.369120860259653
2.197000        10.377163289950484
2.198000        10.385209985361797
2.199000        10.393260948280997
2.200000        10.401316180494643
2.201000        10.409375683788443
2.202000        10.417439459947254
2.203000        10.42550751075505
2.204000        10.433579837994941
2.205000        10.44165644344918
2.206000        10.449737328899115
2.207000        10.457822496125239
2.208000        10.465911946907141
2.209000        10.474005683023517
2.210000        10.482103706252182
2.211000        10.490206018370031
2.212000        10.498312621153058
2.213000        10.506423516376351
2.214000        10.514538705814076
2.215000        10.522658191239476
2.216000        10.530781974424876
2.217000        10.538910057141663
2.218000        10.547042441160297
2.219000        10.55517912825028
2.220000        10.563320120180187
2.221000        10.571465418717636
2.222000        10.579615025629288
2.223000        10.587768942680839
2.224000        10.595927171637037
2.225000        10.60408971426164
2.226000        10.612256572317449
2.227000        10.620427747566264
2.228000        10.628603241768914
2.229000        10.636783056685246
2.230000        10.644967194074091
2.231000        10.653155655693293
2.232000        10.66134844329969
2.233000        10.669545558649112
2.234000        10.677747003496364
2.235000        10.68595277959524
2.236000        10.694162888698504
2.237000        10.702377332557898
2.238000        10.710596112924119
2.239000        10.718819231546824
2.240000        10.727046690174628
2.241000        10.7352784905551
2.242000        10.743514634434739
2.243000        10.751755123559004
2.244000        10.759999959672268
2.245000        10.768249144517842
2.246000        10.77650267983796
2.247000        10.784760567373773
2.248000        10.793022808865345
2.249000        10.801289406051652
2.250000        10.809560360670563
2.251000        10.817835674458856
2.252000        10.826115349152197
2.253000        10.834399386485131
2.254000        10.842687788191093
2.255000        10.850980556002401
2.256000        10.85927769165022
2.257000        10.867579196864611
2.258000        10.875885073374484
2.259000        10.88419532290759
2.260000        10.892509947190554
2.261000        10.900828947948828
2.262000        10.909152326906703
2.263000        10.917480085787314
2.264000        10.925812226312626
2.265000        10.934148750203413
2.266000        10.942489659179277
2.267000        10.950834954958633
2.268000        10.959184639258691
2.269000        10.96753871379548
2.270000        10.975897180283802
2.271000        10.984260040437285
2.272000        10.992627295968308
2.273000        11.000998948588045
2.274000        11.009375000006436
2.275000        11.017755451932196
2.276000        11.0261403060728
2.277000        11.034529564134491
2.278000        11.042923227822243
2.279000        11.051321298839799
2.280000        11.05972377888962
2.281000        11.068130669672929
2.282000        11.076541972889647
2.283000        11.084957690238454
2.284000        11.093377823416716
2.285000        11.101802374120538
2.286000        11.110231344044703
2.287000        11.118664734882742
2.288000        11.127102548326818
2.289000        11.135544786067857
2.290000        11.143991449795394
2.291000        11.152442541197711
2.292000        11.160898061961706
2.293000        11.169358013773003
2.294000        11.177822398315808
2.295000        11.186291217273087
2.296000        11.19476447232634
2.297000        11.203242165155846
2.298000        11.211724297440359
2.299000        11.220210870857454
2.300000        11.228701887083119
2.301000        11.2371973477922
2.302000        11.245697254657912
2.303000        11.25420160935234
2.304000        11.262710413545875
2.305000        11.271223668907854
2.306000        11.279741377105822
2.307000        11.28826353980632
2.308000        11.29679015867401
2.309000        11.305321235372656
2.310000        11.313856771563994
2.311000        11.322396768908995
2.312000        11.330941229066426
2.313000        11.339490153694463
2.314000        11.348043544448853
2.315000        11.356601402984985
2.316000        11.365163730955533
2.317000        11.373730530013113
2.318000        11.382301801807252
2.319000        11.390877547987824
2.320000        11.399457770201128
2.321000        11.408042470094326
2.322000        11.416631649310396
2.323000        11.425225309493861
2.324000        11.433823452284233
2.325000        11.442426079323504
2.326000        11.451033192247575
2.327000        11.459644792696018
2.328000        11.4682608823009
2.329000        11.476881462699566
2.330000        11.48550653552002
2.331000        11.494136102397611
2.332000        11.502770164955923
2.333000        11.51140872482867
2.334000        11.520051783634543
2.335000        11.528699343006103
2.336000        11.537351404556563
2.337000        11.546007969917962
2.338000        11.554669040697227
2.339000        11.56333461852675
2.340000        11.572004705006119
2.341000        11.580679301769244
2.342000        11.589358410406948
2.343000        11.5980420325563
2.344000        11.606730169797395
2.345000        11.61542282377265
2.346000        11.624119996048833
2.347000        11.63282168827672
2.348000        11.641527902006157
2.349000        11.650238638900408
2.350000        11.658953900487543
2.351000        11.667673688448932
2.352000        11.676398004284223
2.353000        11.685126849700637
2.354000        11.693860226160265
2.355000        11.702598135406834
2.356000        11.711340578852312
2.357000        11.72008755829161
2.358000        11.728839075069285
2.359000        11.737595131051727
2.360000        11.746355727492155
2.361000        11.755120866356506
2.362000        11.763890548773539
2.363000        11.772664776847748
2.364000        11.781443551537375
2.365000        11.79022687513974
2.366000        11.79901474837845
2.367000        11.807807173819306
2.368000        11.816604151861835
2.369000        11.82540568544606
2.370000        11.834211774522217
2.371000        11.843022422552696
2.372000        11.851837628862942
2.373000        11.860657397645696
2.374000        11.86948172735487
2.375000        11.878310623206254
2.376000        11.887144082434698
2.377000        11.89598211169183
2.378000        11.904824706502783
2.379000        11.913671875538434
2.380000        11.922523611920017
2.381000        11.931379927164066
2.382000        11.940240811003573
2.383000        11.949106278973858
2.384000        11.957976316020943
2.385000        11.966850943367742
2.386000        11.97573013918172
2.387000        11.984613932752193
2.388000        11.99350229262646
2.389000        12.002395259558167
2.390000        12.011292788412078
2.391000        12.020194936269515
2.392000        12.029101638494065
2.393000        12.03801297546925
2.394000        12.04692885470822
2.395000        12.05584938991825
2.396000        12.064774448761451
2.397000        12.07370419269575
2.398000        12.082638432258236
2.399000        12.09157739746372
2.400000        12.10052081683228
2.401000        12.109469018990172
2.402000        12.118421614557487
2.403000        12.127379074233328
2.404000        12.136340839070712
2.405000        12.145307584675749
2.406000        12.154278508484332
2.407000        12.163254581518114
2.408000        12.172234652840633
2.409000        12.181220117657649
2.410000        12.190209333514709
2.411000        12.199204297146679
2.412000        12.208202696498894
2.413000        12.217208403756036
2.414000        12.226215635740338
2.415000        12.235230703378292
2.416000        12.244247744368526
2.417000        12.253273672715132
2.418000        12.262297535157359
2.419000        12.271334583606265
2.420000        12.280366177004215
2.421000        12.289418574630464
2.422000        12.298460899726408
2.423000        12.307526969052752
2.424000        12.316578203329726
2.425000        12.325662404577688
2.426000        12.3347131489368
2.427000        12.343815370842009
2.428000        12.35287166017988
2.429000        12.361990541552835
2.430000        12.371035455898564
2.431000        12.380185922519363
2.432000        12.389233006383783
2.433000        12.398421047444888
2.434000        12.407477692589804
2.435000        12.416654526402922
2.436000        12.42572553505132
2.437000        12.434727377032448
2.438000        12.443817571197016
2.439000        12.4526878420629
2.440000        12.46178099783571
2.441000        12.470874394452188
2.442000        12.479974587805838
2.443000        12.488767364947652
2.444000        12.497863035833578
2.445000        12.506942618495643
2.446000        12.516015655957137
2.447000        12.524755769672257
2.448000        12.533831462365555
2.449000        12.542938221261682
2.450000        12.552014397274384
2.451000        12.561073915159188
2.452000        12.57015196637666
2.453000        12.57928902873915
2.454000        12.588345705157181
2.455000        12.597672877687689
2.456000        12.606725157621046
2.457000        12.615846744725562
2.458000        12.624922120086318
2.459000        12.634032805750763
2.460000        12.643131954195749
2.461000        12.652283205924494
2.462000        12.661425421094904
2.463000        12.670739816649768
2.464000        12.679920817336704
2.465000        12.688869015532092
2.466000        12.698033900119917
2.467000        12.707204879890316
2.468000        12.7163221945222
2.469000        12.725727606767737
2.470000        12.7348516472047
2.471000        12.744426873341478
2.472000        12.75353170094246
2.473000        12.761332081629451
2.474000        12.770595192599718
2.475000        12.789723421434875
2.476000        12.799236570358005
2.477000        12.802347132859246
2.478000        12.812074353528033
2.479000        12.821853802508386
2.480000        12.830978463946881
2.481000        12.837261856304842
2.482000        12.846705217859064
2.483000        12.856368581455865
2.484000        12.866654021160603
2.485000        12.65292343856531
2.486000        12.66227126061196
2.487000        12.672499741966753
2.488000        12.680492359626673
2.489000        12.687987544280695
2.490000        12.69689392235663
2.491000        12.711356533338193
2.492000        12.719799342627969
2.493000        12.728133825567774
2.494000        12.736424911186596
2.495000        12.745045777658618
2.496000        12.753322448881057
2.497000        12.762267998699215
2.498000        12.770973685578436
2.499000        12.778982384725985
2.500000        12.788013603982602
2.501000        12.841720335579716
2.502000        12.85162391746099
2.503000        12.862030131232512
2.504000        12.870929361707166
2.505000        12.879890849221113
2.506000        12.889154275315839
2.507000        12.89457831131461
2.508000        12.904146363418445
2.509000        12.914557195002391
2.510000        12.922002382831678
2.511000        12.931518507568537
2.512000        12.940594921270822
2.513000        12.948270294648129
2.514000        12.957700583622778
2.515000        12.968401999977374
2.516000        12.977660194628285
2.517000        13.001633963139284
2.518000        13.010660628001876
2.519000        13.020256512725137
2.520000        13.02910334236216
2.521000        13.038535181404406
2.522000        13.05106393911909
2.523000        13.060748554688882
2.524000        13.112942812180766
2.525000        13.122418399612684
2.526000        13.131812546180662
2.527000        13.141075234966038
2.528000        13.149433497219341
2.529000        13.158810401660016
2.530000        13.167305041472222
2.531000        13.176665180686651
2.532000        13.185458376580318
2.533000        13.194812353680241
2.534000        13.20337033309691
2.535000        13.21342948705992
2.536000        13.22188478156147
2.537000        13.230797456025826
2.538000        13.238739854922805
2.539000        13.247625395479552
2.540000        13.256157653362877
2.541000        13.265095103249802
2.542000        13.273023386439466
2.543000        13.28208855147707
2.544000        13.290843852146327
2.545000        13.29970076959999
2.546000        13.30710659680988
2.547000        13.316044630299924
2.548000        13.324936879168309
2.549000        13.33340452031577
2.550000        13.342321046595046
2.551000        13.351231634300511
2.552000        13.36013656698266
2.553000        13.369045862598952
2.554000        13.37861640103915
2.555000        13.387477759789707
2.556000        13.396736600680349
2.557000        13.405302654570932
2.558000        13.41397661204115
2.559000        13.42284719014615
2.560000        13.430062811375397
2.561000        13.439327462304949
2.562000        13.448471807770968
2.563000        13.457870261256257
2.564000        13.46713516868152
2.565000        13.476315001743902
2.566000        13.485586976169497
2.567000        13.494826189766265
2.568000        13.504108345003424
2.569000        13.513144816639038
2.570000        13.522489478777803
2.571000        13.53147727725458
2.572000        13.540792360183481
2.573000        13.549690983623265
2.574000        13.55893643887693
2.575000        13.567718982864932
2.576000        13.577141982369838
2.577000        13.58594014163667
2.578000        13.595010805023222
2.579000        13.603864278687677
2.580000        13.613270088447585
2.581000        13.62207853000881
2.582000        13.631439764247261
2.583000        13.640254609591697
2.584000        13.649347771221386
2.585000        13.658014888888285
2.586000        13.66730513716437
2.587000        13.676348198466375
2.588000        13.685249037635057
2.589000        13.693838070315678
2.590000        13.703444156693536
2.591000        13.712269489283205
2.592000        13.721190280748967
2.593000        13.72994837811568
2.594000        13.739539474323038
2.595000        13.748264901268794
2.596000        13.758260346755272
2.597000        13.767068109872
2.598000        13.775784640203028
2.599000        13.784514660541213
2.600000        13.794899370795441
2.601000        13.803694172719393
2.602000        13.81244035321155
2.603000        13.82117481793042
2.604000        13.830043441164566
2.605000        13.838805837803758
2.606000        13.848834537285661
2.607000        13.85765984514612
2.608000        13.866434384855083
2.609000        13.875166093459594
2.610000        13.885285155494486
2.611000        13.894136026152076
2.612000        13.90286746575618
2.613000        13.911548891894501
2.614000        13.920081938813958
2.615000        13.928699239235886
2.616000        13.937437276665246
2.617000        13.94616080742492
2.618000        13.95489041187895
2.619000        13.963615986913027
2.620000        13.972413011642402
2.621000        13.981213231352623
2.622000        13.990889322913148
2.623000        13.999641606024522
2.624000        14.008367775091237
2.625000        14.017040060748688
2.626000        14.025808974389388
2.627000        14.034554876684705
2.628000        14.043258379825023
2.629000        14.0519707272861
2.630000        14.060461618255566
2.631000        14.068993232491955
2.632000        14.077586979050917
2.633000        14.086218097678316
2.634000        14.094920026719983
2.635000        14.103523677452259
2.636000        14.112347951472795
2.637000        14.1210182914648
2.638000        14.129764163433158
2.639000        14.138372442801863
2.640000        14.147059556541524
2.641000        14.155713334530162
2.642000        14.164433611695422
2.643000        14.172976595302114
2.644000        14.181532204524643
2.645000        14.190102533472626
2.646000        14.198768744483075
2.647000        14.207165334937883
2.648000        14.216193251085713
2.649000        14.224895039517051
2.650000        14.233686175504559
2.651000        14.242329197718181
2.652000        14.25090234060276
2.653000        14.259682847413512
2.654000        14.267097408137172
2.655000        14.27577907715986
2.656000        14.28438548342291
2.657000        14.293048250792577
2.658000        14.301671184272745
2.659000        14.310319609530133
2.660000        14.318892325095835
2.661000        14.327613159096376
2.662000        14.3353961466308
2.663000        14.344034364733226
2.664000        14.352587664494614
2.665000        14.3613233702322
2.666000        14.37017843977748
2.667000        14.378848774078836
2.668000        14.387412508945292
2.669000        14.39615075369229
2.670000        14.405134337815387
2.671000        14.413839856317182
2.672000        14.422390802964351
2.673000        14.431151773927343
2.674000        14.439831909374327
2.675000        14.448461959703181
2.676000        14.457070986218717
2.677000        14.465730826926084
2.678000        14.473323012156136
2.679000        14.481944737899912
2.680000        14.490577230074404
2.681000        14.49939639028985
2.682000        14.507946394567664
2.683000        14.51657684709689
2.684000        14.525151857031002
2.685000        14.533895968037573
2.686000        14.542001191666014
2.687000        14.55064911808121
2.688000        14.55930875589451
