0.001000        0.002661407563742557
0.002000        0.005249055012459536
0.003000        0.007833892787722618
0.004000        0.010401085427986345
0.005000        0.01296532558982122
0.006000        0.015522163925583143
0.007000        0.01807665351363319
0.008000        0.02062769169888945
0.009000        0.02317697659420581
0.010000        0.02572475593489898
0.011000        0.02827126758614007
0.012000        0.03081736332445928
0.013000        0.03336256975899943
0.014000        0.03590802227386902
0.015000        0.038452878165216475
0.016000        0.040998406117170205
0.017000        0.043543565594486466
0.018000        0.04608968324532725
0.019000        0.04863561290061291
0.020000        0.05118269929502084
0.021000        0.053729743033141375
0.022000        0.056278084813712326
0.023000        0.05882650320272731
0.024000        0.06137632209476074
0.025000        0.06392631728411224
0.026000        0.06647778826837225
0.027000        0.06902952032072562
0.028000        0.07158278395596795
0.029000        0.07413638186771365
0.030000        0.07669155283651108
0.031000        0.0792471221671569
0.032000        0.0818042953268101
0.033000        0.08436192360455941
0.034000        0.08692117835596136
0.035000        0.08948093899031129
0.036000        0.09204234249142473
0.037000        0.09460429766186707
0.038000        0.09716790723346591
0.039000        0.09973211006201055
0.040000        0.10229797501911086
0.041000        0.10486447123241582
0.042000        0.10743263430063088
0.043000        0.11000146352195728
0.044000        0.1125719619490404
0.045000        0.115143158717121
0.046000        0.11771602515720225
0.047000        0.12028961974041508
0.048000        0.12286488296618003
0.049000        0.12544090202094793
0.050000        0.1280185875037283
0.051000        0.1305970546126467
0.052000        0.13317718499970077
0.053000        0.13575812111559316
0.054000        0.13834071662637903
0.055000        0.14092414044182355
0.056000        0.14350921919966098
0.057000        0.14609514745681906
0.058000        0.14868272576845065
0.059000        0.15127117352056807
0.060000        0.15386126611329765
0.061000        0.15645224694671356
0.062000        0.15904486717069055
0.063000        0.16163839339429664
0.064000        0.16423355339589207
0.065000        0.16682963620355373
0.066000        0.16942734707462925
0.067000        0.1720259966849884
0.068000        0.17462626859188468
0.069000        0.17722749436913077
0.070000        0.17983033666451753
0.071000        0.18243414722305218
0.072000        0.1850395685431998
0.073000        0.1876459718385881
0.074000        0.19025398018819573
0.075000        0.19286298359640774
0.076000        0.19547358642274482
0.077000        0.19808519680935532
0.078000        0.20069840106720527
0.079000        0.20331262484793022
0.080000        0.20592843705658836
0.081000        0.2085452802503518
0.082000        0.21116370654371508
0.083000        0.21378317481923403
0.084000        0.21640422098991507
0.085000        0.2190263197066571
0.086000        0.2216499912448633
0.087000        0.22427472548910465
0.088000        0.22690102761695385
0.089000        0.22952840223355864
0.090000        0.23215733993541043
0.091000        0.23478735955586139
0.092000        0.23741893760513655
0.093000        0.24005160667230108
0.094000        0.2426858296552279
0.095000        0.2453211524452339
0.096000        0.24795802478188733
0.097000        0.25059600542348726
0.098000        0.2532355313864443
0.099000        0.25587617387814454
0.100000        0.2585183576090362
0.101000        0.26116166583426725
0.102000        0.26380651135847977
0.103000        0.2664524890990503
0.104000        0.2691000003387778
0.105000        0.27174865128679215
0.106000        0.27439883207263627
0.107000        0.27705015984107106
0.108000        0.2797030139223686
0.109000        0.28235702205445357
0.110000        0.285012553108448
0.111000        0.28766924508600056
0.112000        0.2903274567260201
0.113000        0.2929868359768335
0.114000        0.2956477317595585
0.115000        0.29830980166397936
0.116000        0.300973385095924
0.117000        0.3036381489926807
0.118000        0.306304423535968
0.119000        0.3089718847273595
0.120000        0.3116408538048603
0.121000        0.314311015561362
0.122000        0.3169826825612869
0.123000        0.3196555481256471
0.124000        0.3223299164056339
0.125000        0.3250054889965135
0.126000        0.3276825618872721
0.127000        0.33036084470248284
0.128000        0.33304062551105496
0.129000        0.3357216217304355
0.130000        0.33840411374309554
0.131000        0.34108782653106573
0.132000        0.34377303301591766
0.133000        0.3464594655237576
0.134000        0.3491473897330444
0.135000        0.35183654510091067
0.136000        0.3545271902730853
0.137000        0.3572190716318122
0.138000        0.3599124409933836
0.139000        0.3626070514660782
0.140000        0.3653031482332594
0.141000        0.36800049093672094
0.142000        0.37069931831690717
0.143000        0.3733993963628883
0.144000        0.3761009575559715
0.145000        0.37880377405229737
0.146000        0.3815080722518456
0.147000        0.38421363030341205
0.148000        0.3869206686977229
0.149000        0.38962897140737773
0.150000        0.39233875318042344
0.151000        0.39504980364975495
0.152000        0.3977623319820207
0.153000        0.4004761333120488
0.154000        0.4031914113812949
0.155000        0.4059079666730927
0.156000        0.40862599765502416
0.157000        0.4113453100102653
0.158000        0.4140660970791412
0.159000        0.4167881696005846
0.160000        0.4195117159297599
0.161000        0.4222365517216833
0.162000        0.4249628604840918
0.163000        0.4276904626526701
0.164000        0.43041953702126534
0.165000        0.43314990867490977
0.166000        0.435881751823052
0.167000        0.438614896072707
0.168000        0.4413495111745185
0.169000        0.44408543113392973
0.170000        0.4468228213646057
0.171000        0.4495615201505476
0.172000        0.45230168868664045
0.173000        0.4550431694191275
0.174000        0.45778611943880243
0.175000        0.460530385241265
0.176000        0.46327611992452766
0.177000        0.4660231739239791
0.178000        0.4687716964528832
0.179000        0.4715215417800529
0.180000        0.4742728553388851
0.181000        0.47702549512834835
0.182000        0.4797796029037933
0.183000        0.4825350402940778
0.184000        0.4852919454753728
0.185000        0.48805018360905095
0.186000        0.4908098893881192
0.187000        0.493570931411897
0.188000        0.4963334409834754
0.189000        0.49909729004826
0.190000        0.501862606610004
0.191000        0.5046292658709692
0.192000        0.5073973926235595
0.193000        0.5101668652402029
0.194000        0.512937805387434
0.195000        0.5157100945236213
0.196000        0.5184838512724852
0.197000        0.5212589600964925
0.198000        0.5240355366572587
0.199000        0.5268134683418104
0.200000        0.5295928679280877
0.201000        0.5323736256503864
0.202000        0.535155851479189
0.203000        0.5379394384209402
0.204000        0.5407244937127498
0.205000        0.5435109130601834
0.206000        0.5462988010389935
0.207000        0.549088055982887
0.208000        0.5518787798762581
0.209000        0.554670873611947
0.210000        0.5574644366510455
0.211000        0.5602593723784413
0.212000        0.5630557777980876
0.213000        0.5658535587216864
0.214000        0.5686528097603833
0.215000        0.5714534390892734
0.216000        0.5742555389892505
0.217000        0.5770590199371242
0.218000        0.5798639719443628
0.219000        0.582670307729515
0.220000        0.5854781150937836
0.221000        0.5882873089391225
0.222000        0.591097974913998
0.223000        0.5939100300470468
0.224000        0.5967235578899484
0.225000        0.5995384775428434
0.226000        0.6023548705150521
0.227000        0.6051726579245482
0.228000        0.6079919192912318
0.229000        0.6108125776987023
0.230000        0.6136347107289346
0.231000        0.6164582433803716
0.232000        0.6192832513471558
0.233000        0.622109661493166
0.234000        0.6249375476734507
0.235000        0.6277668385692596
0.236000        0.6305976062439616
0.237000        0.6334297811494096
0.238000        0.636263433603423
0.239000        0.6390984957829655
0.240000        0.6419350363051866
0.241000        0.6447729890278868
0.242000        0.6476124209112282
0.243000        0.6504532674507644
0.244000        0.6532955939921621
0.245000        0.6561393376268168
0.246000        0.6589845621272552
0.247000        0.6618312061399152
0.248000        0.664679331904436
0.249000        0.667528879582596
0.250000        0.6703799099203085
0.251000        0.6732323645560605
0.252000        0.676086302780158
0.253000        0.6789416676701965
0.254000        0.6817985170979703
0.255000        0.6846567955435834
0.256000        0.6875165594964301
0.257000        0.6903777548034995
0.258000        0.6932404366069349
0.259000        0.6961045520859379
0.260000        0.6989701550696097
0.261000        0.7018371940356118
0.262000        0.7047057215333048
0.263000        0.70757568730596
0.264000        0.7104471426556138
0.265000        0.7133200385591625
0.266000        0.7161944251028789
0.267000        0.719070254466148
0.268000        0.7219475755501978
0.269000        0.7248263417065921
0.270000        0.7277066006814294
0.271000        0.7305883069689401
0.272000        0.7334715071892095
0.273000        0.7363561569504071
0.274000        0.7392423017749561
0.275000        0.7421298983569873
0.276000        0.7450189911488696
0.277000        0.7479095379034586
0.278000        0.7508015820299487
0.279000        0.7536950823133992
0.280000        0.7565900811459993
0.281000        0.7594865383191873
0.282000        0.7623844952336363
0.283000        0.7652839126620155
0.284000        0.7681848310382957
0.285000        0.7710872120918904
0.286000        0.7739910953142388
0.287000        0.7768964433676491
0.288000        0.7798032948245641
0.289000        0.7827116132569625
0.290000        0.7856214363412111
0.291000        0.7885327285363424
0.292000        0.7914455266449707
0.293000        0.7943597959911539
0.294000        0.7972755725254945
0.295000        0.8001928224156192
0.296000        0.8031115807812963
0.297000        0.806031814612826
0.298000        0.8089535582197662
0.299000        0.811876779394737
0.300000        0.8148015116571745
0.301000        0.8177277235821947
0.302000        0.8206554479186821
0.303000        0.8235846540049359
0.304000        0.8265153738383475
0.305000        0.8294475775015915
0.306000        0.8323812962591361
0.307000        0.8353165009197028
0.308000        0.8382532220329253
0.309000        0.8411914311157211
0.310000        0.8441311580205131
0.311000        0.8470723749550242
0.312000        0.850015111091631
0.313000        0.8529593393119193
0.314000        0.8559050881249437
0.315000        0.8588523310696488
0.316000        0.8618010960080635
0.317000        0.864751357120408
0.318000        0.8677031416375591
0.319000        0.8706564243653432
0.320000        0.8736112319189591
0.321000        0.8765675397145678
0.322000        0.8795253737667608
0.323000        0.882484710087164
0.324000        0.8854455741044447
0.325000        0.888407942411197
0.326000        0.8913718398644743
0.327000        0.8943372436237169
0.328000        0.8973041779883104
0.329000        0.9002726206707745
0.330000        0.903242595426418
0.331000        0.9062140805074268
0.332000        0.9091870991382738
0.333000        0.9121616300977422
0.334000        0.9151376960923745
0.335000        0.918115276414813
0.336000        0.9210943932662481
0.337000        0.9240750264407627
0.338000        0.927057197646457
0.339000        0.930040887166756
0.340000        0.9330261162286124
0.341000        0.9360128655930051
0.342000        0.9390011560173814
0.343000        0.9419909687287795
0.344000        0.9449823240264941
0.345000        0.9479752035924154
0.346000        0.9509696272787487
0.347000        0.9539655772113207
0.348000        0.9569630728060314
0.349000        0.9599620966219913
0.350000        0.962962667649311
0.351000        0.9659647688700144
0.352000        0.96896841885866
0.353000        0.9719736010100739
0.354000        0.9749803334932565
0.355000        0.9779886001059701
0.356000        0.9809984186213949
0.357000        0.9840097732306177
0.358000        0.9870226813204948
0.359000        0.9900371274660635
0.360000        0.9930531286771096
0.361000        0.9960706699034869
0.362000        0.9990897677869341
0.363000        1.0021104076432135
0.364000        1.0051326057548167
0.365000        1.008156347794726
0.366000        1.0111816496947643
0.367000        1.0142084974766679
0.368000        1.0172369067299556
0.369000        1.0202668638168593
0.370000        1.0232983839927492
0.371000        1.0263314539523005
0.372000        1.0293660886246894
0.373000        1.0324022750291828
0.374000        1.0354400277765166
0.375000        1.0384793342028953
0.376000        1.0415202086081798
0.377000        1.0445626386380393
0.378000        1.047606638288837
0.379000        1.0506521955084338
0.380000        1.0536993239968808
0.381000        1.0567480119971258
0.382000        1.0597982729199273
0.383000        1.0628500952963975
0.384000        1.0659034922548418
0.385000        1.068958452607779
0.386000        1.0720149892077373
0.387000        1.0750730911420536
0.388000        1.0781327709939887
0.389000        1.0811940181192732
0.390000        1.0842568448382437
0.391000        1.087321240768759
0.392000        1.0903872179744276
0.393000        1.0934547663291188
0.394000        1.0965238976457528
0.395000        1.0995946020482492
0.396000        1.1026668911047324
0.397000        1.1057407551833531
0.398000        1.108816205613186
0.399000        1.1118932330009414
0.400000        1.1149718484422504
0.401000        1.1180520427768457
0.402000        1.1211338268723878
0.403000        1.1242171917962303
0.404000        1.1273021481933974
0.405000        1.1303886873535944
0.406000        1.1334768197044198
0.407000        1.13656653675279
0.408000        1.139657848713954
0.409000        1.1427507473070264
0.410000        1.1458452425398615
0.411000        1.1489413263388784
0.412000        1.1520390085093748
0.413000        1.1551382811802995
0.414000        1.1582391539591121
0.415000        1.1613416191726298
0.416000        1.1644456862350818
0.417000        1.167551347666608
0.418000        1.170658612692696
0.419000        1.1737674740223731
0.420000        1.176877940696773
0.421000        1.1799900056094828
0.422000        1.183103677621558
0.423000        1.1862189498069178
0.424000        1.1893358308507214
0.425000        1.1924543140030952
0.426000        1.195574407777377
0.427000        1.198696105595877
0.428000        1.2018194158040831
0.429000        1.2049443319925714
0.430000        1.208070862342863
0.431000        1.211199000609957
0.432000        1.2143287548152024
0.433000        1.2174601188742837
0.434000        1.220593100652069
0.435000        1.2237276942212798
0.436000        1.2268639072939145
0.437000        1.2300017340961666
0.438000        1.233141182190689
0.439000        1.236282245953669
0.440000        1.2394249328018532
0.441000        1.2425692372580226
0.442000        1.2457151665963764
0.443000        1.2488627154829803
0.444000        1.25201189105276
0.445000        1.2551626881118274
0.446000        1.2583151136590391
0.447000        1.2614691626373915
0.448000        1.2646248419127932
0.449000        1.2677821465620447
0.450000        1.2709410833211567
0.451000        1.2741016473977211
0.452000        1.2772638454008298
0.453000        1.280427672665926
0.454000        1.2835931356780872
0.455000        1.2867602298977392
0.456000        1.289928961688787
0.457000        1.2930993266338326
0.458000        1.296271330978378
0.459000        1.2994449704244708
0.460000        1.3026202511019171
0.461000        1.3057971688295336
0.462000        1.3089757296240716
0.463000        1.3121559294185126
0.464000        1.3153377741191328
0.465000        1.3185212597705274
0.466000        1.32170639217102
0.467000        1.3248931674743343
0.468000        1.3280815913732997
0.469000        1.3312716601283388
0.470000        1.3344633793291898
0.471000        1.337656745340599
0.472000        1.3408517636515658
0.473000        1.3440484307288436
0.474000        1.3472467519629792
0.475000        1.3504467239204736
0.476000        1.3536483518956608
0.477000        1.3568516325525763
0.478000        1.3600565710915298
0.479000        1.3632631642719346
0.480000        1.3664714172022112
0.481000        1.369681326735039
0.482000        1.3728928978890345
0.483000        1.3761061276080913
0.484000        1.3793210208230562
0.485000        1.3825375745670208
0.486000        1.385755793685055
0.487000        1.3889756752974876
0.488000        1.392197224165555
0.489000        1.3954204374948986
0.490000        1.3986453199648263
0.491000        1.4018718688644167
0.492000        1.405100088792901
0.493000        1.4083299771209656
0.494000        1.4115615383695772
0.495000        1.4147947699892427
0.496000        1.4180296764244353
0.497000        1.4212662552037312
0.498000        1.4245045106968401
0.499000        1.4277444405087056
0.500000        1.43098604893596
0.501000        1.4342293336582426
0.502000        1.4374742989007672
0.503000        1.4407209424162346
0.504000        1.4439692683600516
0.505000        1.447219274556394
0.506000        1.4504709650924354
0.507000        1.453724337862269
0.508000        1.456979396886375
0.509000        1.460236140127245
0.510000        1.4634945715401724
0.511000        1.4667546891545626
0.512000        1.4700164968619926
0.513000        1.473279992757325
0.514000        1.476545180669861
0.515000        1.4798120587585064
0.516000        1.4830806307916848
0.517000        1.4863508949909612
0.518000        1.4896228550652566
0.519000        1.4928965092974362
0.520000        1.4961718613382633
0.521000        1.4994489095305799
0.522000        1.5027276574683004
0.523000        1.5060081035529507
0.524000        1.5092902513228772
0.525000        1.5125740992370282
0.526000        1.5158596507794329
0.527000        1.519146904465222
0.528000        1.5224358637253381
0.529000        1.525726527129887
0.530000        1.5290188980579114
0.531000        1.532312975133319
0.532000        1.5356087616844256
0.533000        1.5389062563877793
0.534000        1.5422054625221175
0.535000        1.545506378815503
0.536000        1.5488090084982034
0.537000        1.552113350348698
0.538000        1.5554194075498788
0.539000        1.5587271789295638
0.540000        1.5620366676243371
0.541000        1.5653478725103014
0.542000        1.5686607966787758
0.543000        1.5719754390531193
0.544000        1.5752918026804057
0.545000        1.578609886530245
0.546000        1.5819296936064617
0.547000        1.5852512229239348
0.548000        1.5885744774442134
0.549000        1.591899456226482
0.550000        1.595226162190972
0.551000        1.598554594440234
0.552000        1.6018847558541065
0.553000        1.60521664557759
0.554000        1.6085502664510454
0.555000        1.611885617661022
0.556000        1.6152227020092909
0.557000        1.6185615187230749
0.558000        1.6219020705664278
0.559000        1.6252443568063857
0.560000        1.628588380170136
0.561000        1.6319341399636862
0.562000        1.6352816388781921
0.563000        1.6386308762578157
0.564000        1.641981854758491
0.565000        1.6453345737617315
0.566000        1.6486890358890474
0.567000        1.65204524055852
0.568000        1.6554031903580082
0.569000        1.6587628847413978
0.570000        1.6621243262636618
0.571000        1.6654875144137335
0.572000        1.6688524517144447
0.573000        1.6722191376890478
0.574000        1.6755875748289597
0.575000        1.6789577626910326
0.576000        1.682329703735979
0.577000        1.6857033975535511
0.578000        1.6890788465744535
0.579000        1.6924560504206525
0.580000        1.6958350114935268
0.581000        1.6992157294465855
0.582000        1.7025982066525422
0.583000        1.705982442795797
0.584000        1.709368440221052
0.585000        1.7127561986429534
0.586000        1.7161457203788277
0.587000        1.7195370051729437
0.588000        1.7229300553158726
0.589000        1.726324870580891
0.590000        1.7297214532324254
0.591000        1.7331198030721637
0.592000        1.7365199223389816
0.593000        1.739921810862386
0.594000        1.7433254708562878
0.595000        1.7467309021774415
0.596000        1.7501381070153599
0.597000        1.753547085253489
0.598000        1.7569578390574954
0.599000        1.760370368336968
0.600000        1.7637846752342785
0.601000        1.7672007596846164
0.602000        1.7706186238075894
0.603000        1.7740382675634692
0.604000        1.7774596930496198
0.605000        1.7808829002508748
0.606000        1.7843078912428698
0.607000        1.7877346660345044
0.608000        1.791163226680176
0.609000        1.7945935732123601
0.610000        1.7980257076647064
0.611000        1.8014596300927828
0.612000        1.8048953425099743
0.613000        1.808332844994471
0.614000        1.811772139539853
0.615000        1.8152132262464757
0.616000        1.8186561070885752
0.617000        1.8221007821882225
0.618000        1.825547253500753
0.619000        1.8289955211695172
0.620000        1.8324455871313852
0.621000        1.8358974515505526
0.622000        1.839351116345858
0.623000        1.8428065817019235
0.624000        1.8462638495199695
0.625000        1.8497229200046323
0.626000        1.8531837950399268
0.627000        1.8566464748501001
0.628000        1.860110961302361
0.629000        1.8635772546401768
0.630000        1.8670453567143372
0.631000        1.8705152677871482
0.632000        1.8739869896933659
0.633000        1.8774605227137489
0.634000        1.8809358686674003
0.635000        1.884413027853169
0.636000        1.8878920020748655
0.637000        1.8913727916490686
0.638000        1.8948553983646548
0.639000        1.8983398225555792
0.640000        1.90182606599614
0.641000        1.905314129037322
0.642000        1.908804013439184
0.643000        1.9122957195694106
0.644000        1.915789249174157
0.645000        1.9192846026374681
0.646000        1.9227817816919295
0.647000        1.9262807867376264
0.648000        1.9297816194938946
0.649000        1.9332842803765438
0.650000        1.9367887710919742
0.651000        1.9402950920714126
0.652000        1.9438032450086293
0.653000        1.9473132303499678
0.654000        1.9508250497768689
0.655000        1.9543387037504942
0.656000        1.957854193940257
0.657000        1.961371520821844
0.658000        1.9648906860529252
0.659000        1.9684116901234372
0.660000        1.971934534679587
0.661000        1.9754592202252788
0.662000        1.9789857483955355
0.663000        1.9825141197079592
0.664000        1.9860443357866586
0.665000        1.9895763971626703
0.666000        1.993110305449454
0.667000        1.9966460611912158
0.668000        2.0001836659910293
0.669000        2.0037231204060184
0.670000        2.007264426029117
0.671000        2.0108075834301253
0.672000        2.0143525941920846
0.673000        2.017899458897224
0.674000        2.0214481791189396
0.675000        2.0249987554516498
0.676000        2.0285511894593427
0.677000        2.0321054817483954
0.678000        2.0356616338736178
0.679000        2.039219646453116
0.680000        2.042779521032756
0.681000        2.0463412582421476
0.682000        2.0499048596184295
0.683000        2.0534703258025058
0.684000        2.0570376583230026
0.685000        2.0606068578319032
0.686000        2.0641779258495365
0.687000        2.0677508630387553
0.688000        2.0713256709118006
0.689000        2.074902350142189
0.690000        2.078480902234279
0.691000        2.0820613278720543
0.692000        2.085643628552191
0.693000        2.0892278049689352
0.694000        2.09281385861148
0.695000        2.0964017901841547
0.696000        2.0999916011688473
0.697000        2.103583292279783
0.698000        2.107176864991743
0.699000        2.110772320028655
0.700000        2.1143696588583794
0.701000        2.117968882214372
0.702000        2.1215699915577453
0.703000        2.125172987631313
0.704000        2.1287778718896124
0.705000        2.1323846450846418
0.706000        2.135993308664542
0.707000        2.139603863390324
0.708000        2.143216310703897
0.709000        2.146830651375124
0.710000        2.1504468868398483
0.711000        2.1540650178766256
0.712000        2.157685045915393
0.713000        2.1613069717432367
0.714000        2.1649307967843487
0.715000        2.168556521834198
0.716000        2.172184148311379
0.717000        2.1758136770195904
0.718000        2.179445109371988
0.719000        2.1830784461803514
0.720000        2.1867136888525387
0.721000        2.1903508382082695
0.722000        2.1939898956502546
0.723000        2.1976308620060134
0.724000        2.201273738673244
0.725000        2.204918526487125
0.726000        2.208565226840488
0.727000        2.2122138405760357
0.728000        2.2158643690818636
0.729000        2.2195168132080703
0.730000        2.2231711743381517
0.731000        2.2268274533294665
0.732000        2.2304856515610414
0.733000        2.2341457698973706
0.734000        2.237807809713141
0.735000        2.2414717718798585
0.736000        2.245137657767989
0.737000        2.2488054682559344
0.738000        2.252475204710061
0.739000        2.2561468680155468
0.740000        2.2598204595347795
0.741000        2.263495980159595
0.742000        2.267173431248521
0.743000        2.270852813699939
0.744000        2.2745341288686287
0.745000        2.2782173776594057
0.746000        2.2819025614234167
0.747000        2.285589681071805
0.748000        2.2892787379521877
0.749000        2.2929697329819287
0.750000        2.2966626675052293
0.751000        2.3003575424455676
0.752000        2.30405435914383
0.753000        2.3077531185295133
0.754000        2.311453821940292
0.755000        2.315156470311573
0.756000        2.3188610649779253
0.757000        2.322567606880577
0.758000        2.32627609735108
0.759000        2.329986537336387
0.760000        2.333698928165134
0.761000        2.3374132707899022
0.762000        2.3411295665365106
0.763000        2.3448478163630746
0.764000        2.348568021592685
0.765000        2.3522901831889094
0.766000        2.3560143024722002
0.767000        2.359740380411484
0.768000        2.3634684183246613
0.769000        2.3671984171859393
0.770000        2.3709303783107565
0.771000        2.3746643026785126
0.772000        2.3784001916022675
0.773000        2.382138046066533
0.774000        2.385877867382069
0.775000        2.38961965653842
0.776000        2.393363414844135
0.777000        2.3971091432937115
0.778000        2.400856843193564
0.779000        2.4046065155430654
0.780000        2.4083581616465732
0.781000        2.412111782508262
0.782000        2.4158673794305088
0.783000        2.4196249534222183
0.784000        2.423384505783858
0.785000        2.4271460375289937
0.786000        2.430909549956258
0.787000        2.4346750440838036
0.788000        2.4384425212085024
0.789000        2.4422119823530277
0.790000        2.4459834288125553
0.791000        2.44975686161421
0.792000        2.4535322820515457
0.793000        2.457309691156075
0.794000        2.4610890902197937
0.795000        2.4648704802785346
0.796000        2.468653862622805
0.797000        2.4724392382926954
0.798000        2.4762266085772886
0.799000        2.480015974520871
0.800000        2.483807337411159
0.801000        2.487600698296582
0.802000        2.4913960584635504
0.803000        2.4951934189645737
0.804000        2.4989927810848176
0.805000        2.5027941458808165
0.806000        2.506597514636553
0.807000        2.510402888412525
0.808000        2.51421026849159
0.809000        2.5180196559381542
0.810000        2.5218310520340097
0.811000        2.5256444578474166
0.812000        2.5294598746591515
0.813000        2.5332773035412828
0.814000        2.537096745773626
0.815000        2.540918202431998
0.816000        2.5447416747953113
0.817000        2.548567163943087
0.818000        2.552394671153376
0.819000        2.5562241975093567
0.820000        2.5600557442882756
0.821000        2.563889312576915
0.822000        2.567724903651765
0.823000        2.5715625186031694
0.824000        2.5754021587069094
0.825000        2.579243825056839
0.826000        2.5830875189280853
0.827000        2.5869332414179667
0.828000        2.5907809938009976
0.829000        2.5946307771779207
0.830000        2.598482592822684
0.831000        2.602336441839407
0.832000        2.6061923255015174
0.833000        2.610050244916472
0.834000        2.613910201357223
0.835000        2.6177721959345224
0.836000        2.6216362299208846
0.837000        2.6255023044303183
0.838000        2.6293704207349435
0.839000        2.633240579951986
0.840000        2.6371127833532135
0.841000        2.640987032059032
0.842000        2.6448633273408966
0.843000        2.648741670322348
0.844000        2.6526220622745704
0.845000        2.6565045043242126
0.846000        2.6603889977422224
0.847000        2.664275543658311
0.848000        2.6681641433432333
0.849000        2.672054797929732
0.850000        2.6759475086884024
0.851000        2.679842276754984
0.852000        2.6837391033999456
0.853000        2.687637989761992
0.854000        2.6915389371115044
0.855000        2.695441946590119
0.856000        2.699347019468158
0.857000        2.703254156890159
0.858000        2.707163360126426
0.859000        2.7110746303243616
0.860000        2.714987968754283
0.861000        2.718903376566427
0.862000        2.7228208550311592
0.863000        2.72674040530152
0.864000        2.7306620286479504
0.865000        2.7345857262262676
0.866000        2.738511499307025
0.867000        2.7424393490487837
0.868000        2.746369276722234
0.869000        2.750301283488662
0.870000        2.75423537061892
0.871000        2.7581715392769883
0.872000        2.762109790733918
0.873000        2.766050126156351
0.874000        2.7699925468155673
0.875000        2.7739370538808465
0.876000        2.777883648623721
0.877000        2.781832332216082
0.878000        2.7857831059297453
0.879000        2.7897359709391925
0.880000        2.7936909285165434
0.881000        2.7976479798388407
0.882000        2.801607126178542
0.883000        2.8055683687152264
0.884000        2.8095317087217104
0.885000        2.813497147380092
0.886000        2.8174646859635732
0.887000        2.821434325656739
0.888000        2.825406067733205
0.889000        2.8293799133800235
0.890000        2.833355863871242
0.891000        2.8373339203963646
0.892000        2.8413140842298965
0.893000        2.8452963565637646
0.894000        2.849280738672956
0.895000        2.8532672317518006
0.896000        2.8572558370757886
0.897000        2.861246555841637
0.898000        2.8652393893253603
0.899000        2.8692343387260397
0.900000        2.873231405320235
0.901000        2.8772305903093702
0.902000        2.8812318949705773
0.903000        2.885235320507606
0.904000        2.889240868198172
0.905000        2.8932485392483347
0.906000        2.8972583349364225
0.907000        2.9012702564707773
0.908000        2.9052843051303583
0.909000        2.9093004821257793
0.910000        2.9133187887366443
0.911000        2.9173392261758213
0.912000        2.921361795723584
0.913000        2.925386498595035
0.914000        2.929413336071132
0.915000        2.9334423093692
0.916000        2.937473419770898
0.917000        2.941506668495755
0.918000        2.945542056826154
0.919000        2.949579585983807
0.920000        2.9536192572518374
0.921000        2.9576610718541296
0.922000        2.9617050310745636
0.923000        2.965751136139179
0.924000        2.969799388332632
0.925000        2.9738497888831006
0.926000        2.9779023390760297
0.927000        2.981957040141726
0.928000        2.9860138933664366
0.929000        2.990072899982586
0.930000        2.99413406127724
0.931000        2.998197378484919
0.932000        3.002262852893532
0.933000        3.0063304857396798
0.934000        3.0104002783121206
0.935000        3.014472231849533
0.936000        3.0185463476415393
0.937000        3.022622626928875
0.938000        3.026701071002048
0.939000        3.0307816811038375
0.940000        3.034864458525643
0.941000        3.0389494045122802
0.942000        3.0430365203560594
0.943000        3.047125807303816
0.944000        3.0512172666487825
0.945000        3.055310899639805
0.946000        3.0594067075710516
0.947000        3.0635046916933657
0.948000        3.067604853301864
0.949000        3.071707193649379
0.950000        3.075811714031989
0.951000        3.079918415704501
0.952000        3.0840272999639655
0.953000        3.088138368067158
0.954000        3.092251621312114
0.955000        3.0963670609575598
0.956000        3.1004846883025348
0.957000        3.1046045046077086
0.958000        3.1087265111731277
0.959000        3.112850709261398
0.960000        3.1169771001735853
0.961000        3.121105685174225
0.962000        3.1252364655654112
0.963000        3.1293694426135907
0.964000        3.1335046176219077
0.965000        3.137641991858713
0.966000        3.141781566628202
0.967000        3.1459233432006215
0.968000        3.1500673228812346
0.969000        3.1542135069421793
0.970000        3.158361896689785
0.971000        3.1625124933980704
0.972000        3.166665298374454
0.973000        3.1708203128948256
0.974000        3.1749775382676955
0.975000        3.179136975770815
0.976000        3.183298626713798
0.977000        3.1874624923762536
0.978000        3.1916285740689077
0.979000        3.1957968730732134
0.980000        3.199967390701021
0.981000        3.204140128235622
0.982000        3.208315086989998
0.983000        3.2124922682492745
0.984000        3.216671673327573
0.985000        3.2208533035118414
0.986000        3.2250371601173473
0.987000        3.229223244432859
0.988000        3.2334115577748044
0.989000        3.237602101433758
0.990000        3.2417948767273117
0.991000        3.245989884947843
0.992000        3.250187127414124
0.993000        3.254386605420324
0.994000        3.258588320286396
0.995000        3.2627922733083015
0.996000        3.2669984658071822
0.997000        3.2712068990807825
0.998000        3.275417574451442
0.999000        3.279630493218683
1.000000        3.2838456567060454
1.001000        3.2880630662148267
1.002000        3.29228272306978
1.003000        3.2965046285739685
1.004000        3.3007287840533586
1.005000        3.3049551908127768
1.006000        3.3091838501794157
1.007000        3.3134147634598534
1.008000        3.3176479319825187
1.009000        3.3218833570557376
1.010000        3.3261210400091787
1.011000        3.330360982152907
1.012000        3.3346031848178406
1.013000        3.3388476493157846
1.014000        3.343094376978904
1.015000        3.347343369120736
1.016000        3.3515946270747126
1.017000        3.355848152156094
1.018000        3.3601039456995743
1.019000        3.3643620090221393
1.020000        3.3686223434597533
1.021000        3.372884950331123
1.022000        3.377149830973485
1.023000        3.3814169867072614
1.024000        3.385686418870973
1.025000        3.38995812878675
1.026000        3.394232117794399
1.027000        3.3985083872177544
1.028000        3.40278693839792
1.029000        3.407067772660433
1.030000        3.4113508913476895
1.031000        3.415636295786925
1.032000        3.419923987321841
1.033000        3.4242139672813643
1.034000        3.428506237010506
1.035000        3.432800797839878
1.036000        3.4370976511158116
1.037000        3.441396798170599
1.038000        3.4456982403518914
1.039000        3.4500019789936633
1.040000        3.4543080154448873
1.041000        3.4586163510412167
1.042000        3.4629269871329527
1.043000        3.46723992505742
1.044000        3.4715551661662527
1.045000        3.4758727117984503
1.046000        3.4801925633069803
1.047000        3.4845147220325092
1.048000        3.4888391893293456
1.049000        3.493165966539822
1.050000        3.497495055019593
1.051000        3.5018264561126458
1.052000        3.506160171175992
1.053000        3.5104962015552736
1.054000        3.5148345486088566
1.055000        3.519175213684038
1.056000        3.5235181981405397
1.057000        3.5278635033273105
1.058000        3.5322111306054342
1.059000        3.536561081325509
1.060000        3.540913356849984
1.061000        3.545267958531106
1.062000        3.5496248877326906
1.063000        3.5539841458086237
1.064000        3.558345734124101
1.065000        3.562709654034645
1.066000        3.5670759069068296
1.067000        3.571444494097811
1.068000        3.575815416975548
1.069000        3.5801886768988282
1.070000        3.584564275236996
1.071000        3.5889422133504727
1.072000        3.5933224926099907
1.073000        3.597705114377595
1.074000        3.6020900800254125
1.075000        3.6064773909171173
1.076000        3.6108670484262255
1.077000        3.61525905391804
1.078000        3.6196534087674728
1.079000        3.6240501143414487
1.080000        3.628449172016282
1.081000        3.632850583160515
1.082000        3.637254349151865
1.083000        3.641660471360492
1.084000        3.6460689511655247
1.085000        3.6504797899387356
1.086000        3.6548929890606594
1.087000        3.6593085499046865
1.088000        3.663726473852762
1.089000        3.6681467622798873
1.090000        3.6725694165694254
1.091000        3.6769944380979815
1.092000        3.6814218282503415
1.093000        3.6858515884047165
1.094000        3.6902837199473133
1.095000        3.6947182242579473
1.096000        3.6991551027242497
1.097000        3.7035943567276366
1.098000        3.7080359876571674
1.099000        3.712479996895862
1.100000        3.7169263858342028
1.101000        3.7213751558568102
1.102000        3.7258263083556002
1.103000        3.73027984471679
1.104000        3.7347357663337295
1.105000        3.7391940745942325
1.106000        3.7436547708930803
1.107000        3.748117856619684
1.108000        3.752583333170266
1.109000        3.757051201935825
1.110000        3.7615214643140256
1.111000        3.7659941216974566
1.112000        3.770469175485225
1.113000        3.774946627071513
1.114000        3.7794264778568643
1.115000        3.783908729237055
1.116000        3.7883933826140783
1.117000        3.7928804393852875
1.118000        3.7973699009541306
1.119000        3.8018617687195473
1.120000        3.8063560440864297
1.121000        3.8108527284553038
1.122000        3.8153518232325165
1.123000        3.8198533298201767
1.124000        3.824357249626079
1.125000        3.8288635840539165
1.126000        3.8333723345129442
1.127000        3.837883502408431
1.128000        3.84239708915109
1.129000        3.8469130961477678
1.130000        3.8514315248106374
1.131000        3.8559523765481227
1.132000        3.8604756527738573
1.133000        3.8650013548978404
1.134000        3.8695294843351675
1.135000        3.874060042497417
1.136000        3.878593030801145
1.137000        3.883128450659502
1.138000        3.887666303490514
1.139000        3.892206590708902
1.140000        3.8967493137341567
1.141000        3.901294473982574
1.142000        3.9058420728751138
1.143000        3.910392111829637
1.144000        3.9149445922685793
1.145000        3.919499515611369
1.146000        3.92405688328191
1.147000        3.9286166967011997
1.148000        3.9331789572946185
1.149000        3.93774366648473
1.150000        3.942310825698385
1.151000        3.9468804363597147
1.152000        3.951452499897048
1.153000        3.9560270177360763
1.154000        3.960603991306604
1.155000        3.9651834220358975
1.156000        3.969765311355232
1.157000        3.9743496606934308
1.158000        3.978936471483255
1.159000        3.983525745155088
1.160000        3.9881174831431725
1.161000        3.9927116868794528
1.162000        3.9973083577996515
1.163000        4.001907497337276
1.164000        4.006509106929526
1.165000        4.011113188011471
1.166000        4.015719742021796
1.167000        4.020328770397121
1.168000        4.024940274577622
1.169000        4.029554256001482
1.170000        4.034170716110351
1.171000        4.0387896563439725
1.172000        4.0434110781454855
1.173000        4.048034982956187
1.174000        4.052661372220701
1.175000        4.057290247381884
1.176000        4.061921609885848
1.177000        4.066555461176998
1.178000        4.071191802702938
1.179000        4.075830635909627
1.180000        4.080471962246156
1.181000        4.08511578316004
1.182000        4.089762100101861
1.183000        4.094410914520681
1.184000        4.0990622278685755
1.185000        4.103716041596158
1.186000        4.108372357156997
1.187000        4.1130311760032505
1.188000        4.117692499589985
1.189000        4.122356329370909
1.190000        4.127022666802576
1.191000        4.131691513340247
1.192000        4.136362870441969
1.193000        4.1410367395645515
1.194000        4.145713122167537
1.195000        4.150392019709278
1.196000        4.155073433650815
1.197000        4.159757365452046
1.198000        4.164443816575504
1.199000        4.16913278848264
1.200000        4.173824282637481
1.201000        4.17851830050302
1.202000        4.18321484354478
1.203000        4.1879139132273
1.204000        4.192615511017603
1.205000        4.197319638381767
1.206000        4.202026296788311
1.207000        4.2067354877048615
1.208000        4.211447212601435
1.209000        4.216161472947196
1.210000        4.22087827021366
1.211000        4.2255976058715365
1.212000        4.230319481393838
1.213000        4.235043898252812
1.214000        4.239770857922975
1.215000        4.244500361878114
1.216000        4.249232411594241
1.217000        4.253967008546683
1.218000        4.258704154212952
1.219000        4.263443850069915
1.220000        4.268186097596589
1.221000        4.272930898271371
1.222000        4.277678253574781
1.223000        4.282428164986753
1.224000        4.287180633989305
1.225000        4.291935662063917
1.226000        4.296693250694101
1.227000        4.3014534013628705
1.228000        4.306216115555243
1.229000        4.310981394755766
1.230000        4.315749240450959
1.231000        4.320519654126899
1.232000        4.325292637271614
1.233000        4.330068191372714
1.234000        4.334846317919723
1.235000        4.339627018401787
1.236000        4.3444102943099345
1.237000        4.349196147134842
1.238000        4.35398457836904
1.239000        4.358775589504733
1.240000        4.363569182035956
1.241000        4.368365357456451
1.242000        4.373164117261746
1.243000        4.377965462947113
1.244000        4.382769396009589
1.245000        4.3875759179459735
1.246000        4.392385030254802
1.247000        4.397196734434408
1.248000        4.402011031984824
1.249000        4.40682792440591
1.250000        4.4116474131992085
1.251000        4.416469499866103
1.252000        4.4212941859096375
1.253000        4.4261214728327225
1.254000        4.430951362139906
1.255000        4.4357838553356235
1.256000        4.44061895392592
1.257000        4.445456659416761
1.258000        4.450296973315696
1.259000        4.455139897130213
1.260000        4.4599854323693595
1.261000        4.46483358054215
1.262000        4.469684343159136
1.263000        4.474537721730851
1.264000        4.4793937177693515
1.265000        4.484252332786692
1.266000        4.48911356829643
1.267000        4.49397742581214
1.268000        4.498843906848887
1.269000        4.503713012921759
1.270000        4.508584745547319
1.271000        4.513459106242189
1.272000        4.518336096524424
1.273000        4.523215717912164
1.274000        4.528097971924966
1.275000        4.532982860082486
1.276000        4.537870383905791
1.277000        4.542760544916046
1.278000        4.547653344635815
1.279000        4.552548784587792
1.280000        4.557446866296035
1.281000        4.56234759128475
1.282000        4.567250961079495
1.283000        4.572156977205998
1.284000        4.577065641191313
1.285000        4.581976954562679
1.286000        4.586890918848653
1.287000        4.591807535577987
1.288000        4.596726806280733
1.289000        4.60164873248716
1.290000        4.6065733157288165
1.291000        4.611500557537488
1.292000        4.6164304594462156
1.293000        4.621363022988293
1.294000        4.626298249698268
1.295000        4.6312361411109375
1.296000        4.636176698762341
1.297000        4.6411199241888
1.298000        4.646065818927845
1.299000        4.6510143845173
1.300000        4.655965622496199
1.301000        4.660919534403863
1.302000        4.66587612178083
1.303000        4.670835386167932
1.304000        4.675797329107194
1.305000        4.6807619521409585
1.306000        4.685729256812744
1.307000        4.690699244666396
1.308000        4.695671917246926
1.309000        4.700647276099691
1.310000        4.705625322771191
1.311000        4.710606058808283
1.312000        4.715589485758967
1.313000        4.720575605171598
1.314000        4.725564418595667
1.315000        4.730555927581037
1.316000        4.735550133678682
1.317000        4.740547038439972
1.318000        4.745546643417374
1.319000        4.750548950163751
1.320000        4.755553960233062
1.321000        4.7605616751796695
1.322000        4.7655720965590245
1.323000        4.77058522592699
1.324000        4.775601064840499
1.325000        4.780619614856912
1.326000        4.785640877534654
1.327000        4.790664854432578
1.328000        4.795691547110598
1.329000        4.800720957129066
1.330000        4.8057530860493785
1.331000        4.81078793543338
1.332000        4.8158255068439555
1.333000        4.820865801844446
1.334000        4.8259088219992154
1.335000        4.8309545688731
1.336000        4.836003044031948
1.337000        4.841054249042083
1.338000        4.846108185470843
1.339000        4.851164854886036
1.340000        4.856224258856484
1.341000        4.86128639895149
1.342000        4.866351276741353
1.343000        4.871418893796864
1.344000        4.876489251689804
1.345000        4.881562351992452
1.346000        4.886638196278064
1.347000        4.891716786120407
1.348000        4.896798123094216
1.349000        4.901882208774749
1.350000        4.906969044738217
1.351000        4.912058632561354
1.352000        4.917150973821856
1.353000        4.922246070097936
1.354000        4.927343922968765
1.355000        4.932444534014044
1.356000        4.9375479048144175
1.357000        4.942654036951062
1.358000        4.947762932006098
1.359000        4.9528745915621855
1.360000        4.957989017202916
1.361000        4.963106210512425
1.362000        4.968226173075779
1.363000        4.97334890647859
1.364000        4.978474412307396
1.365000        4.983602692149287
1.366000        4.9887337475922635
1.367000        4.9938675802248955
1.368000        4.999004191636654
1.369000        5.004143583417584
1.370000        5.0092857571586205
1.371000        5.014430714451279
1.372000        5.01957845688797
1.373000        5.024728986061669
1.374000        5.029882303566254
1.375000        5.035038410996181
1.376000        5.040197309946784
1.377000        5.045359002013983
1.378000        5.050523488794585
1.379000        5.055690771885978
1.380000        5.060860852886423
1.381000        5.066033733394777
1.382000        5.071209415010763
1.383000        5.076387899334703
1.384000        5.08156918796778
1.385000        5.086753282511779
1.386000        5.091940184569342
1.387000        5.097129895743715
1.388000        5.102322417638996
1.389000        5.107517751859891
1.390000        5.1127159000119615
1.391000        5.117916863701371
1.392000        5.123120644535129
1.393000        5.128327244120857
1.394000        5.133536664067025
1.395000        5.138748905982709
1.396000        5.143963971477827
1.397000        5.149181862162916
1.398000        5.154402579649343
1.399000        5.159626125549096
1.400000        5.164852501474993
1.401000        5.170081709040476
1.402000        5.175313749859807
1.403000        5.180548625547882
1.404000        5.185786337720412
1.405000        5.191026887993738
1.406000        5.19627027798502
1.407000        5.201516509312043
1.408000        5.206765583593414
1.409000        5.212017502448365
1.410000        5.21727226749694
1.411000        5.22252988035982
1.412000        5.227790342658496
1.413000        5.233053656015086
1.414000        5.238319822052516
1.415000        5.243588842394349
1.416000        5.24886071866495
1.417000        5.254135452489328
1.418000        5.259413045493279
1.419000        5.264693499303251
1.420000        5.269976815546473
1.421000        5.275262995850831
1.422000        5.280552041844993
1.423000        5.285843955158278
1.424000        5.291138737420784
1.425000        5.296436390263258
1.426000        5.301736915317235
1.427000        5.3070403142148965
1.428000        5.312346588589204
1.429000        5.317655740073768
1.430000        5.322967770302979
1.431000        5.328282680911874
1.432000        5.33360047353627
1.433000        5.338921149812631
1.434000        5.344244711378199
1.435000        5.349571159870861
1.436000        5.354900496929284
1.437000        5.360232724192777
1.438000        5.365567843301429
1.439000        5.370905855895973
1.440000        5.376246763617912
1.441000        5.3815905681094005
1.442000        5.386937271013357
1.443000        5.392286873973356
1.444000        5.397639378633736
1.445000        5.40299478663948
1.446000        5.408353099636344
1.447000        5.413714319270728
1.448000        5.419078447189792
1.449000        5.424445485041355
1.450000        5.429815434473989
1.451000        5.43518829713692
1.452000        5.440564074680129
1.453000        5.445942768754252
1.454000        5.451324381010675
1.455000        5.456708913101442
1.456000        5.462096366679344
1.457000        5.46748674339783
1.458000        5.4728800449110935
1.459000        5.478276272873984
1.460000        5.4836754289420995
1.461000        5.489077514771692
1.462000        5.494482532019754
1.463000        5.499890482343938
1.464000        5.505301367402636
1.465000        5.510715188854894
1.466000        5.516131948360503
1.467000        5.521551647579905
1.468000        5.526974288174278
1.469000        5.53239987180546
1.470000        5.537828400136021
1.471000        5.543259874829193
1.472000        5.548694297548929
1.473000        5.554131669959853
1.474000        5.5595719937273085
1.475000        5.565015270517302
1.476000        5.5704615019965615
1.477000        5.575910689832481
1.478000        5.5813628356931755
1.479000        5.586817941247414
1.480000        5.592276008164694
1.481000        5.597737038115165
1.482000        5.603201032769704
1.483000        5.608667993799843
1.484000        5.614137922877832
1.485000        5.619610821676581
1.486000        5.625086691869711
1.487000        5.630565535131506
1.488000        5.636047353136959
1.489000        5.6415321475617315
1.490000        5.647019920082187
1.491000        5.6525106723753495
1.492000        5.658004406118952
1.493000        5.66350112299139
1.494000        5.669000824671757
1.495000        5.674503512839815
1.496000        5.680009189176026
1.497000        5.68551785536151
1.498000        5.691029513078091
1.499000        5.696544164008245
1.500000        5.702061809835159
1.501000        5.70758245224267
1.502000        5.71310609291532
1.503000        5.718632733538298
1.504000        5.724162375797505
1.505000        5.729695021379477
1.506000        5.735230671971468
1.507000        5.740769329261376
1.508000        5.74631099493779
1.509000        5.7518556706899595
1.510000        5.757403358207826
1.511000        5.762954059181981
1.512000        5.768507775303712
1.513000        5.774064508264955
1.514000        5.779624259758338
1.515000        5.785187031477136
1.516000        5.7907528251153195
1.517000        5.796321642367504
1.518000        5.801893484928989
1.519000        5.807468354495732
1.520000        5.813046252764371
1.521000        5.818627181432191
1.522000        5.824211142197166
1.523000        5.82979813675791
1.524000        5.835388166813722
1.525000        5.840981234064547
1.526000        5.846577340211013
1.527000        5.8521764869543915
1.528000        5.857778675996629
1.529000        5.863383909040325
1.530000        5.8689921877887485
1.531000        5.874603513945816
1.532000        5.880217889216118
1.533000        5.885835315304886
1.534000        5.891455793918029
1.535000        5.8970793267620945
1.536000        5.902705915544301
1.537000        5.908335561972509
1.538000        5.913968267755253
1.539000        5.919604034601699
1.540000        5.925242864221689
1.541000        5.930884758325698
1.542000        5.936529718624872
1.543000        5.942177746830989
1.544000        5.947828844656499
1.545000        5.9534830138144805
1.546000        5.959140256018683
1.547000        5.964800572983483
1.548000        5.97046396642393
1.549000        5.976130438055694
1.550000        5.981799989595114
1.551000        5.987472622759158
1.552000        5.9931483392654545
1.553000        5.9988271408322635
1.554000        6.004509029178497
1.555000        6.010194006023706
1.556000        6.015882073088086
1.557000        6.021573232092468
1.558000        6.027267484758337
1.559000        6.032964832807796
1.560000        6.038665277963613
1.561000        6.044368821949181
1.562000        6.050075466488529
1.563000        6.055785213306326
1.564000        6.061498064127878
1.565000        6.0672140206791205
1.566000        6.072933084686639
1.567000        6.078655257877635
1.568000        6.084380541979957
1.569000        6.090108938722075
1.570000        6.095840449833094
1.571000        6.10157507704276
1.572000        6.107312822081433
1.573000        6.113053686680107
1.574000        6.1187976725704125
1.575000        6.124544781484598
1.576000        6.13029501515555
1.577000        6.136048375316765
1.578000        6.141804863702383
1.579000        6.147564482047155
1.580000        6.153327232086458
1.581000        6.159093115556292
1.582000        6.164862134193285
1.583000        6.170634289734675
1.584000        6.1764095839183355
1.585000        6.182188018482748
1.586000        6.187969595167015
1.587000        6.193754315710855
1.588000        6.199542181854611
1.589000        6.205333195339236
1.590000        6.2111273579062924
1.591000        6.216924671297971
1.592000        6.222725137257072
1.593000        6.228528757526998
1.594000        6.234335533851773
1.595000        6.240145467976038
1.596000        6.245958561645036
1.597000        6.251774816604609
1.598000        6.257594234601225
1.599000        6.263416817381948
1.600000        6.269242566694462
1.601000        6.275071484287043
1.602000        6.280903571908581
1.603000        6.286738831308565
1.604000        6.292577264237089
1.605000        6.298418872444845
1.606000        6.304263657683137
1.607000        6.310111621703857
1.608000        6.315962766259506
1.609000        6.321817093103181
1.610000        6.327674603988573
1.611000        6.333535300669972
1.612000        6.339399184902266
1.613000        6.345266258440937
1.614000        6.3511365230420616
1.615000        6.357009980462305
1.616000        6.362886632458935
1.617000        6.368766480789795
1.618000        6.374649527213332
1.619000        6.380535773488582
1.620000        6.386425221375163
1.621000        6.392317872633285
1.622000        6.398213729023741
1.623000        6.404112792307913
1.624000        6.410015064247762
1.625000        6.415920546605843
1.626000        6.421829241145282
1.627000        6.427741149629799
1.628000        6.433656273823686
1.629000        6.439574615491818
1.630000        6.445496176399644
1.631000        6.4514209583131965
1.632000        6.457348962999088
1.633000        6.463280192224499
1.634000        6.4692146477571875
1.635000        6.475152331365489
1.636000        6.481093244818307
1.637000        6.487037389885121
1.638000        6.492984768335976
1.639000        6.498935381941497
1.640000        6.504889232472866
1.641000        6.510846321701845
1.642000        6.516806651400746
1.643000        6.522770223342462
1.644000        6.528737039300449
1.645000        6.5347071010487205
1.646000        6.540680410361855
1.647000        6.546656969014997
1.648000        6.552636778783842
1.649000        6.55861984144466
1.650000        6.564606158774268
1.651000        6.570595732550039
1.652000        6.576588564549912
1.653000        6.582584656552378
1.654000        6.588584010336476
1.655000        6.594586627681807
1.656000        6.600592510368514
1.657000        6.606601660177304
1.658000        6.6126140788894325
1.659000        6.618629768286684
1.660000        6.624648730151417
1.661000        6.630670966266521
1.662000        6.636696478415445
1.663000        6.642725268382161
1.664000        6.648757337951203
1.665000        6.654792688907641
1.666000        6.660831323037087
1.667000        6.666873242125693
1.668000        6.67291844796015
1.669000        6.678966942327687
1.670000        6.685018727016072
1.671000        6.691073803813605
1.672000        6.697132174509122
1.673000        6.703193840891991
1.674000        6.7092588047521176
1.675000        6.715327067879926
1.676000        6.721398632066393
1.677000        6.727473499102999
1.678000        6.733551670781768
1.679000        6.739633148895248
1.680000        6.745717935236513
1.681000        6.751806031599145
1.682000        6.757897439777274
1.683000        6.763992161565536
1.684000        6.7700901987591
1.685000        6.776191553153637
1.686000        6.7822962265453555
1.687000        6.788404220730964
1.688000        6.794515537507699
1.689000        6.800630178673309
1.690000        6.806748146026049
1.691000        6.812869441364697
1.692000        6.818994066488536
1.693000        6.825122023197359
1.694000        6.831253313291466
1.695000        6.837387938571673
1.696000        6.843525900839293
1.697000        6.849667201896146
1.698000        6.855811843544558
1.699000        6.861959827587359
1.700000        6.868111155827879
1.701000        6.874265830069945
1.702000        6.880423852117882
1.703000        6.8865852237765175
1.704000        6.892749946851179
1.705000        6.898918023147672
1.706000        6.905089454472318
1.707000        6.911264242631912
1.708000        6.917442389433756
1.709000        6.92362389668563
1.710000        6.9298087661958085
1.711000        6.9359969997730495
1.712000        6.942188599226601
1.713000        6.948383566366193
1.714000        6.954581903002044
1.715000        6.960783610944848
1.716000        6.966988692005778
1.717000        6.973197147996498
1.718000        6.9794089807291435
1.719000        6.985624192016328
1.720000        6.991842783671132
1.721000        6.998064757507127
1.722000        7.004290115338343
1.723000        7.010518858979289
1.724000        7.016750990244944
1.725000        7.022986510950748
1.726000        7.029225422912621
1.727000        7.035467727946944
1.728000        7.041713427870558
1.729000        7.047962524500772
1.730000        7.054215019655356
1.731000        7.060470915152539
1.732000        7.06673021281102
1.733000        7.072992914449941
1.734000        7.079259021888909
1.735000        7.085528536947983
1.736000        7.09180146144768
1.737000        7.098077797208962
1.738000        7.104357546053251
1.739000        7.110640709802411
1.740000        7.11692729027876
1.741000        7.12321728930506
1.742000        7.129510708704519
1.743000        7.13580755030079
1.744000        7.142107815917964
1.745000        7.148411507380576
1.746000        7.154718626513606
1.747000        7.161029175142463
1.748000        7.167343155092993
1.749000        7.173660568191494
1.750000        7.1799814162646705
1.751000        7.1863057011396805
1.752000        7.192633424644107
1.753000        7.198964588605968
1.754000        7.205299194853691
1.755000        7.211637245216149
1.756000        7.217978741522632
1.757000        7.2243236856028545
1.758000        7.230672079286954
1.759000        7.237023924405488
1.760000        7.243379222789432
1.761000        7.249737976270179
1.762000        7.2561001866795465
1.763000        7.262465855849751
1.764000        7.268834985613431
1.765000        7.275207577803634
1.766000        7.281583634253824
1.767000        7.287963156797868
1.768000        7.294346147270037
1.769000        7.300732607505012
1.770000        7.307122539337875
1.771000        7.313515944604113
1.772000        7.319912825139614
1.773000        7.326313182780652
1.774000        7.332717019363926
1.775000        7.339124336726503
1.776000        7.3455351367058626
1.777000        7.351949421139867
1.778000        7.358367191866776
1.779000        7.364788450725236
1.780000        7.371213199554283
1.781000        7.377641440193333
1.782000        7.384073174482193
1.783000        7.390508404261055
1.784000        7.396947131370485
1.785000        7.403389357651438
1.786000        7.409835084945247
1.787000        7.416284315093613
1.788000        7.422737049938611
1.789000        7.429193291322708
1.790000        7.43565304108872
1.791000        7.4421163010798494
1.792000        7.448583073139655
1.793000        7.455053359112075
1.794000        7.461527160841399
1.795000        7.468004480172294
1.796000        7.474485318949778
1.797000        7.4809696790192355
1.798000        7.487457562226407
1.799000        7.493948970417389
1.800000        7.500443905438633
1.801000        7.506942369136944
1.802000        7.513444363359486
1.803000        7.519949889953761
1.804000        7.526458950767623
1.805000        7.532971547649279
1.806000        7.53948768244728
1.807000        7.5460073570105095
1.808000        7.552530573188196
1.809000        7.559057332829919
1.810000        7.565587637785587
1.811000        7.572121489905438
1.812000        7.578658891040053
1.813000        7.585199843040353
1.814000        7.591744347757572
1.815000        7.598292407043289
1.816000        7.6048440227494005
1.817000        7.611399196728126
1.818000        7.61795793083202
1.819000        7.624520226913955
1.820000        7.631086086827114
1.821000        7.637655512425013
1.822000        7.644228505561475
1.823000        7.650805068090641
1.824000        7.657385201866969
1.825000        7.663968908745215
1.826000        7.670556190580456
1.827000        7.677147049228076
1.828000        7.683741486543756
1.829000        7.690339504383491
1.830000        7.696941104603571
1.831000        7.703546289060583
1.832000        7.710155059611427
1.833000        7.716767418113285
1.834000        7.72338336642364
1.835000        7.730002906400262
1.836000        7.736626039901218
1.837000        7.74325276878486
1.838000        7.74988309490983
1.839000        7.756517020135057
1.840000        7.763154546319743
1.841000        7.769795675323376
1.842000        7.776440409005733
1.843000        7.783088749226852
1.844000        7.7897406978470585
1.845000        7.7963962567269505
1.846000        7.80305542772739
1.847000        7.809718212709512
1.848000        7.816384613534726
1.849000        7.8230546320647
1.850000        7.829728270161365
1.851000        7.8364055296869175
1.852000        7.843086412503812
1.853000        7.849770920474764
1.854000        7.856459055462743
1.855000        7.863150819330976
1.856000        7.869846213942925
1.857000        7.876545241162326
1.858000        7.883247902853146
1.859000        7.8899542008796075
1.860000        7.896664137106175
1.861000        7.903377713397546
1.862000        7.910094931618669
1.863000        7.916815793634729
1.864000        7.923540301311142
1.865000        7.930268456513559
1.866000        7.937000261107865
1.867000        7.943735716960173
1.868000        7.950474825936816
1.869000        7.957217589904371
1.870000        7.963964010729622
1.871000        7.970714090279586
1.872000        7.977467830421485
1.873000        7.9842252330227765
1.874000        7.990986299951121
1.875000        7.997751033074387
1.876000        8.004519434260668
1.877000        8.011291505378264
1.878000        8.018067248295669
1.879000        8.024846664881597
1.880000        8.03162975700495
1.881000        8.038416526534842
1.882000        8.04520697534058
1.883000        8.052001105291673
1.884000        8.058798918257814
1.885000        8.065600416108886
1.886000        8.07240560071498
1.887000        8.079214473946358
1.888000        8.086027037673478
1.889000        8.092843293766965
1.890000        8.099663244097638
1.891000        8.106486890536495
1.892000        8.113314234954704
1.893000        8.120145279223607
1.894000        8.126980025214731
1.895000        8.13381847479976
1.896000        8.14066062985054
1.897000        8.147506492239096
1.898000        8.154356063837618
1.899000        8.161209346518444
1.900000        8.168066342154077
1.901000        8.174927052617175
1.902000        8.181791479780554
1.903000        8.188659625517175
1.904000        8.195531491700159
1.905000        8.202407080202764
1.906000        8.209286392898395
1.907000        8.216169431660607
1.908000        8.223056198363093
1.909000        8.229946694879676
1.910000        8.236840923084316
1.911000        8.243738884851123
1.912000        8.250640582054316
1.913000        8.25754601656826
1.914000        8.264455190267434
1.915000        8.27136810502645
1.916000        8.278284762720038
1.917000        8.285205165223047
1.918000        8.292129314410445
1.919000        8.299057212157315
1.920000        8.305988860338854
1.921000        8.31292426083036
1.922000        8.319863415507246
1.923000        8.326806326245034
1.924000        8.333752994919347
1.925000        8.340703423405898
1.926000        8.347657613580513
1.927000        8.354615567319094
1.928000        8.361577286497663
1.929000        8.368542772992313
1.930000        8.375512028679232
1.931000        8.382485055434692
1.932000        8.389461855135053
1.933000        8.396442429656748
1.934000        8.403426780876284
1.935000        8.410414910670266
1.936000        8.41740682091536
1.937000        8.424402513488292
1.938000        8.431401990265876
1.939000        8.438405253124984
1.940000        8.44541230394254
1.941000        8.452423144595553
1.942000        8.459437776961067
1.943000        8.466456202916198
1.944000        8.473478424338111
1.945000        8.480504443104024
1.946000        8.487534261091195
1.947000        8.49456788017693
1.948000        8.501605302238595
1.949000        8.508646529153573
1.950000        8.515691562799304
1.951000        8.522740405053252
1.952000        8.529793057792915
1.953000        8.536849522895832
1.954000        8.543909802239558
1.955000        8.550973897701681
1.956000        8.558041811159804
1.957000        8.565113544491556
1.958000        8.572189099574583
1.959000        8.579268478286544
1.960000        8.586351682505114
1.961000        8.593438714107975
1.962000        8.600529574972818
1.963000        8.607624266977325
1.964000        8.614722791999199
1.965000        8.621825151916134
1.966000        8.628931348605821
1.967000        8.63604138394594
1.968000        8.643155259814161
1.969000        8.650272978088157
1.970000        8.657394540645566
1.971000        8.664519949364028
1.972000        8.671649206121145
1.973000        8.67878231279451
1.974000        8.685919271261685
1.975000        8.693060083400209
1.976000        8.700204751087579
1.977000        8.707353276201268
1.978000        8.714505660618709
1.979000        8.721661906217296
1.980000        8.728822014874389
1.981000        8.735985988467288
1.982000        8.743153828873254
1.983000        8.750325537969502
1.984000        8.757501117633186
1.985000        8.764680569741408
1.986000        8.771863896171208
1.987000        8.77905109879957
1.988000        8.786242179503411
1.989000        8.793437140159575
1.990000        8.800635982644852
1.991000        8.807838708835938
1.992000        8.815045320609464
1.993000        8.822255819841988
1.994000        8.82947020840998
1.995000        8.836688488189822
1.996000        8.843910661057816
1.997000        8.851136728890168
1.998000        8.858366693562996
1.999000        8.86560055695232
2.000000        8.872838320934058
2.001000        8.880079987384033
2.002000        8.887325558177952
2.003000        8.894575035191426
2.004000        8.90182842029995
2.005000        8.909085715378907
2.006000        8.91634692230356
2.007000        8.923612042949056
2.008000        8.93088107919042
2.009000        8.938154032902549
2.010000        8.945430905960215
2.011000        8.952711700238051
2.012000        8.959996417610562
2.013000        8.967285059952108
2.014000        8.974577629136924
2.015000        8.981874127039088
2.016000        8.989174555532536
2.017000        8.99647891649105
2.018000        9.003787211788264
2.019000        9.011099443297656
2.020000        9.018415612892547
2.021000        9.025735722446083
2.022000        9.033059773831262
2.023000        9.040387768920912
2.024000        9.047719709587675
2.025000        9.055055597704033
2.026000        9.062395435142285
2.027000        9.069739223774555
2.028000        9.077086965472777
2.029000        9.084438662108692
2.030000        9.09179431555387
2.031000        9.09915392767967
2.032000        9.106517500357263
2.033000        9.113885035457624
2.034000        9.121256534851511
2.035000        9.128632000409496
2.036000        9.136011434001926
2.037000        9.143394837498949
2.038000        9.150782212770476
2.039000        9.158173561686226
2.040000        9.165568886115679
2.041000        9.172968187928099
2.042000        9.180371468992508
2.043000        9.187778731177715
2.044000        9.195189976352282
2.045000        9.20260520638453
2.046000        9.21002442314256
2.047000        9.217447628494202
2.048000        9.224874824307054
2.049000        9.23230601244845
2.050000        9.239741194785484
2.051000        9.247180373184992
2.052000        9.254623549513525
2.053000        9.262070725637397
2.054000        9.269521903422643
2.055000        9.276977084735027
2.056000        9.284436271440043
2.057000        9.2918994654029
2.058000        9.299366668488531
2.059000        9.306837882561588
2.060000        9.314313109486424
2.061000        9.321792351127101
2.062000        9.329275609347405
2.063000        9.336762886010803
2.064000        9.344254182980464
2.065000        9.351749502119262
2.066000        9.359248845289763
2.067000        9.3667522143542
2.068000        9.374259611174512
2.069000        9.38177103761231
2.070000        9.389286495528886
2.071000        9.396805986785207
2.072000        9.404329513241905
2.073000        9.41185707675929
2.074000        9.419388679197322
2.075000        9.42692432241563
2.076000        9.434464008273505
2.077000        9.442007738629872
2.078000        9.449555515343324
2.079000        9.457107340272099
2.080000        9.464663215274065
2.081000        9.472223142206737
2.082000        9.479787122927267
2.083000        9.487355159292438
2.084000        9.494927253158657
2.085000        9.502503406381962
2.086000        9.510083620818008
2.087000        9.517667898322067
2.088000        9.52525624074903
2.089000        9.53284864995339
2.090000        9.540445127789258
2.091000        9.54804567611033
2.092000        9.555650296769922
2.093000        9.56325899162093
2.094000        9.570871762515853
2.095000        9.578488611306767
2.096000        9.586109539845346
2.097000        9.59373454998283
2.098000        9.60136364357005
2.099000        9.6089968224574
2.100000        9.616634088494852
2.101000        9.624275443531936
2.102000        9.631920889417756
2.103000        9.639570428000958
2.104000        9.647224061129755
2.105000        9.654881790651906
2.106000        9.662543618414716
2.107000        9.670209546265045
2.108000        9.677879576049282
2.109000        9.685553709613345
2.110000        9.693231948802701
2.111000        9.700914295462336
2.112000        9.708600751436759
2.113000        9.716291318570004
2.114000        9.723985998705611
2.115000        9.73168479368666
2.116000        9.739387705355703
2.117000        9.747094735554821
2.118000        9.754805886125599
2.119000        9.762521158909099
2.120000        9.770240555745893
2.121000        9.777964078476035
2.122000        9.78569172893907
2.123000        9.793423508974023
2.124000        9.801159420419392
2.125000        9.808899465113154
2.126000        9.816643644892757
2.127000        9.824391961595111
2.128000        9.832144417056583
2.129000        9.839901013113007
2.130000        9.84766175159967
2.131000        9.855426634351307
2.132000        9.863195663202092
2.133000        9.87096883998565
2.134000        9.878746166535041
2.135000        9.886527644682761
2.136000        9.894313276260728
2.137000        9.902103063100299
2.138000        9.909897007032232
2.139000        9.91769510988673
2.140000        9.925497373493386
2.141000        9.933303799681209
2.142000        9.94111439027862
2.143000        9.948929147113425
2.144000        9.956748072012854
2.145000        9.964571166803498
2.146000        9.972398433311366
2.147000        9.980229873361829
2.148000        9.988065488779647
2.149000        9.995905281388964
2.150000        10.003749253013282
2.151000        10.011597405475484
2.152000        10.0194497405978
2.153000        10.027306260201836
2.154000        10.035166966108548
2.155000        10.043031860138235
2.156000        10.050900944110555
2.157000        10.058774219844501
2.158000        10.066651689158405
2.159000        10.074533353869931
2.160000        10.08241921579608
2.161000        10.090309276753171
2.162000        10.098203538556842
2.163000        10.106102003022063
2.164000        10.114004671963102
2.165000        10.121911547193537
2.166000        10.129822630526256
2.167000        10.137737923773436
2.168000        10.14565742874656
2.169000        10.153581147256396
2.170000        10.161509081113
2.171000        10.169441232125706
2.172000        10.177377602103128
2.173000        10.18531819285316
2.174000        10.193263006182956
2.175000        10.201212043898941
2.176000        10.209165307806789
2.177000        10.21712279971144
2.178000        10.225084521417081
2.179000        10.23305047472714
2.180000        10.2410206614443
2.181000        10.248995083370474
2.182000        10.256973742306805
2.183000        10.264956640053672
2.184000        10.272943778410664
2.185000        10.280935159176611
2.186000        10.288930784149542
2.187000        10.296930655126697
2.188000        10.304934773904531
2.189000        10.312943142278684
2.190000        10.320955762044015
2.191000        10.328972634994557
2.192000        10.33699376292354
2.193000        10.345019147623375
2.194000        10.353048790885651
2.195000        10.361082694501125
2.196000        10.36912086025973
2.197000        10.377163289950555
2.198000        10.385209985361865
2.199000        10.393260948281064
2.200000        10.401316180494714
2.201000        10.409375683788518
2.202000        10.417439459947325
2.203000        10.425507510755121
2.204000        10.433579837995016
2.205000        10.441656443449247
2.206000        10.44973732889919
2.207000        10.457822496125317
2.208000        10.465911946907223
2.209000        10.474005683023599
2.210000        10.482103706252264
2.211000        10.490206018370117
2.212000        10.498312621153147
2.213000        10.50642351637644
2.214000        10.514538705814164
2.215000        10.522658191239568
2.216000        10.530781974424972
2.217000        10.53891005714176
2.218000        10.547042441160393
2.219000        10.55517912825038
2.220000        10.563320120180286
2.221000        10.571465418717732
2.222000        10.57961502562938
2.223000        10.587768942680935
2.224000        10.595927171637133
2.225000        10.60408971426174
2.226000        10.612256572317541
2.227000        10.620427747566353
2.228000        10.628603241769007
2.229000        10.636783056685335
2.230000        10.64496719407418
2.231000        10.653155655693382
2.232000        10.66134844329978
2.233000        10.669545558649197
2.234000        10.67774700349645
2.235000        10.685952779595326
2.236000        10.694162888698592
2.237000        10.702377332557983
2.238000        10.710596112924204
2.239000        10.71881923154691
2.240000        10.727046690174713
2.241000        10.735278490555185
2.242000        10.743514634434828
2.243000        10.751755123559093
2.244000        10.759999959672356
2.245000        10.768249144517934
2.246000        10.776502679838053
2.247000        10.784760567373866
2.248000        10.793022808865437
2.249000        10.80128940605174
2.250000        10.809560360670655
2.251000        10.817835674458944
2.252000        10.826115349152278
2.253000        10.834399386485217
2.254000        10.842687788191174
2.255000        10.85098055600248
2.256000        10.859277691650302
2.257000        10.867579196864696
2.258000        10.875885073374565
2.259000        10.884195322907676
2.260000        10.892509947190636
2.261000        10.90082894794891
2.262000        10.909152326906785
2.263000        10.9174800857874
2.264000        10.925812226312704
2.265000        10.934148750203494
2.266000        10.942489659179358
2.267000        10.950834954958712
2.268000        10.959184639258776
2.269000        10.967538713795559
2.270000        10.975897180283887
2.271000        10.984260040437373
2.272000        10.992627295968397
2.273000        11.000998948588126
2.274000        11.009375000006518
2.275000        11.017755451932281
2.276000        11.02614030607289
2.277000        11.03452956413458
2.278000        11.042923227822332
2.279000        11.051321298839888
2.280000        11.059723778889715
2.281000        11.068130669673025
2.282000        11.07654197288975
2.283000        11.084957690238554
2.284000        11.093377823416823
2.285000        11.101802374120645
2.286000        11.11023134404482
2.287000        11.118664734882845
2.288000        11.127102548326935
2.289000        11.13554478606796
2.290000        11.143991449795507
2.291000        11.152442541197818
2.292000        11.160898061961824
2.293000        11.169358013773106
2.294000        11.177822398315932
2.295000        11.186291217273194
2.296000        11.194764472326472
2.297000        11.203242165155952
2.298000        11.211724297440494
2.299000        11.220210870857553
2.300000        11.228701887083254
2.301000        11.237197347792296
2.302000        11.245697254658054
2.303000        11.254201609352428
2.304000        11.262710413546024
2.305000        11.27122366890794
2.306000        11.279741377105978
2.307000        11.288263539806394
2.308000        11.29679015867417
2.309000        11.305321235372723
2.310000        11.313856771564172
2.311000        11.322396768909044
2.312000        11.330941229066621
2.313000        11.339490153694495
2.314000        11.34804354444907
2.315000        11.356601402984996
2.316000        11.36516373095579
2.317000        11.373730530013095
2.318000        11.382301801807554
2.319000        11.390877547987767
2.320000        11.399457770201469
2.321000        11.408042470094209
2.322000        11.416631649310801
2.323000        11.425225309493669
2.324000        11.433823452284724
2.325000        11.442426079323212
2.326000        11.451033192248175
2.327000        11.459644792695592
2.328000        11.468260882301642
2.329000        11.47688146269897
2.330000        11.485506535520962
2.331000        11.49413610239679
2.332000        11.502770164957127
2.333000        11.511408724827543
2.334000        11.520051783636099
2.335000        11.528699343004579
2.336000        11.537351404558592
2.337000        11.546007969915895
2.338000        11.554669040699878
2.339000        11.563334618523957
2.340000        11.572004705009608
2.341000        11.580679301765475
2.342000        11.589358410411585
2.343000        11.598042032551216
2.344000        11.60673016980357
2.345000        11.615422823765783
2.346000        11.62411999605709
2.347000        11.63282168826743
2.348000        11.641527902017248
2.349000        11.650238638887817
2.350000        11.658953900502485
2.351000        11.66767368843184
2.352000        11.676398004304435
2.353000        11.685126849677388
2.354000        11.693860226187699
2.355000        11.70259813537514
2.356000        11.711340578889654
2.357000        11.720087558248288
2.358000        11.728839075120273
2.359000        11.73759513099239
2.360000        11.74635572756197
2.361000        11.755120866275025
2.362000        11.76389054886942
2.363000        11.772664776735578
2.364000        11.78144355166943
2.365000        11.790226874984931
2.366000        11.799014748560829
2.367000        11.807807173605134
2.368000        11.816604152114412
2.369000        11.825405685148986
2.370000        11.834211774872962
2.371000        11.843022422139612
2.372000        11.851837629351337
2.373000        11.860657397069847
2.374000        11.869481728036778
2.375000        11.878310622401553
2.376000        11.887144083389412
2.377000        11.895982110564656
2.378000        11.90482470784318
2.379000        11.913671873955987
2.380000        11.922523613807325
2.381000        11.931379924937772
2.382000        11.940240813669028
2.383000        11.94910627583588
2.384000        11.957976319797726
2.385000        11.966850938938123
2.386000        11.975730144552912
2.387000        11.984613926493505
2.388000        11.993502300298115
2.389000        12.002395250715026
2.390000        12.011292799427576
2.391000        12.020194923792495
2.392000        12.029101654418934
2.393000        12.038012957931354
2.394000        12.0469288779416
2.395000        12.05584936545532
2.396000        12.06477448308727
2.397000        12.073704159062814
2.398000        12.082638483874504
2.399000        12.091577352449729
2.400000        12.100520896380122
2.401000        12.109468961801596
2.402000        12.11842174133276
2.403000        12.127379009358641
2.404000        12.13634105019635
2.405000        12.145307532002597
2.406000        12.154278879866485
2.407000        12.163254602484336
2.408000        12.17223534958222
2.409000        12.181220384982403
2.410000        12.190212792090175
2.411000        12.199208872552138
2.412000        12.208209718677566
2.413000        12.217213948976031
2.414000        12.226222823177473
2.415000        12.235236629035548
2.416000        12.24425601509142
2.417000        12.253278942680435
2.418000        12.262307403429247
2.419000        12.271339404674535
2.420000        12.2803770146364
2.421000        12.289425415788298
2.422000        12.29847582145284
2.423000        12.307526112969281
2.424000        12.316582812597183
2.425000        12.325642211857673
2.426000        12.334711191179615
2.427000        12.343784842445139
2.428000        12.352862844048225
2.429000        12.361947485292003
2.430000        12.371040167889813
2.431000        12.380126842730029
2.432000        12.389221418549926
2.433000        12.39831200550109
2.434000        12.40743874929263
2.435000        12.416537680414361
2.436000        12.425687891157107
2.437000        12.434816115472856
2.438000        12.4440041641389
2.439000        12.453135161642468
2.440000        12.462337092358759
2.441000        12.471463447317156
2.442000        12.480637018565908
2.443000        12.489782428640655
2.444000        12.498777696208457
2.445000        12.507923093279508
2.446000        12.517210336188086
2.447000        12.52635982041782
2.448000        12.535686336914889
2.449000        12.54484993037407
2.450000        12.554139400456904
2.451000        12.563309928759157
2.452000        12.5727208677264
2.453000        12.581914816818212
2.454000        12.591259989939974
2.455000        12.600459506745988
2.456000        12.60982183057811
2.457000        12.619003598733535
2.458000        12.628250579668059
2.459000        12.637472644558645
2.460000        12.646746128733934
2.461000        12.655968418427932
2.462000        12.665325902839001
2.463000        12.67454586843515
2.464000        12.683649781870553
2.465000        12.692874315582301
2.466000        12.701961583120031
2.467000        12.711168185098007
2.468000        12.720195226046979
2.469000        12.729383137242312
2.470000        12.738526259162349
2.471000        12.747693556926759
2.472000        12.75688098139118
2.473000        12.766073069096745
2.474000        12.775232625567135
2.475000        12.784408497510306
2.476000        12.793439904689262
2.477000        12.802607206176493
2.478000        12.811679363212079
2.479000        12.820825143689863
2.480000        12.829772550618102
2.481000        12.83893760782476
2.482000        12.848053188434108
2.483000        12.857213090815122
2.484000        12.866396982015374
2.485000        12.875572891354022
2.486000        12.884639325654959
2.487000        12.893812871238321
2.488000        12.902959739027715
2.489000        12.912123371093553
2.490000        12.921228349297024
2.491000        12.93033693652605
2.492000        12.93907354392654
2.493000        12.948227715363881
2.494000        12.957378960553271
2.495000        12.966481736184885
2.496000        12.975474044976412
2.497000        12.984600566531697
2.498000        12.993673792929489
2.499000        13.00278798850806
2.500000        13.011803648354448
2.501000        13.020943658486676
2.502000        13.030080465449291
2.503000        13.039201427568777
2.504000        13.048157808320326
2.505000        13.057255720054293
2.506000        13.066263351152799
2.507000        13.07534965738278
2.508000        13.084347899749723
2.509000        13.09347842355518
2.510000        13.102546888160568
2.511000        13.111621612439706
2.512000        13.120854572295457
2.513000        13.129936854043024
2.514000        13.138922541860182
2.515000        13.147998504114437
2.516000        13.156994932998366
2.517000        13.166083416863646
2.518000        13.175065013473851
2.519000        13.184087468288254
2.520000        13.192789382262823
2.521000        13.201840755597829
2.522000        13.210802176970653
2.523000        13.219805555763294
2.524000        13.229160329529556
2.525000        13.238174761318216
2.526000        13.247074867617599
2.527000        13.25606656081171
2.528000        13.264845628971074
2.529000        13.273857284323864
2.530000        13.282841966166021
2.531000        13.291795223346504
2.532000        13.30093338524021
2.533000        13.309913591258695
2.534000        13.318808367940754
2.535000        13.327749997446368
2.536000        13.336402365905538
2.537000        13.345362105199072
2.538000        13.354384811841708
2.539000        13.36332072794994
2.540000        13.37227694654312
2.541000        13.38122458742479
2.542000        13.390100442265723
2.543000        13.399023248243612
2.544000        13.408099038945373
2.545000        13.417035233144805
2.546000        13.42584410897624
2.547000        13.434741406272853
2.548000        13.443721272634495
2.549000        13.452637473339966
2.550000        13.461494089271298
2.551000        13.470362217684361
2.552000        13.479486100984861
2.553000        13.488375731907567
2.554000        13.497185739150993
2.555000        13.506050031628288
2.556000        13.514648654301038
2.557000        13.523533790745326
2.558000        13.532403716169611
2.559000        13.541275077733317
2.560000        13.550102564003009
2.561000        13.559004856155934
2.562000        13.567811776519275
2.563000        13.576653832106032
2.564000        13.585715025179649
2.565000        13.594562104229368
2.566000        13.60338928965604
2.567000        13.612261534386516
2.568000        13.621069470413694
2.569000        13.62995278063623
2.570000        13.638767709488228
2.571000        13.647621459335095
2.572000        13.656777777356094
2.573000        13.665628302816117
2.574000        13.674498695786784
2.575000        13.683331858403275
2.576000        13.692273448971854
2.577000        13.70110765067486
2.578000        13.709957433340463
2.579000        13.718777268215426
2.580000        13.727833012972429
2.581000        13.736638577009096
2.582000        13.745478496718562
2.583000        13.754283646469894
2.584000        13.763164306560036
2.585000        13.771998390552085
2.586000        13.780833991379225
2.587000        13.789648503795696
2.588000        13.798467647839367
2.589000        13.807309104320911
2.590000        13.816021469763882
2.591000        13.824825498937194
2.592000        13.833820199705674
2.593000        13.842627836255495
2.594000        13.851493084111521
2.595000        13.860305606339164
2.596000        13.869528036369527
2.597000        13.878345094464951
2.598000        13.88713393894119
2.599000        13.895975667698298
2.600000        13.904727586777128
2.601000        13.913572894988654
2.602000        13.922399301637423
2.603000        13.931219555418465
2.604000        13.940222929748863
2.605000        13.949034549398764
2.606000        13.95779602056174
2.607000        13.966582604668094
2.608000        13.975465991543082
2.609000        13.984278077806444
2.610000        13.993065167382749
2.611000        14.001877732374172
2.612000        14.01079199853244
2.613000        14.019603864316547
2.614000        14.028339621622287
2.615000        14.03713621928344
2.616000        14.04603628054863
2.617000        14.054817248125921
2.618000        14.063606954514388
2.619000        14.072380647699205
2.620000        14.08086213407632
2.621000        14.089634916454148
2.622000        14.098418657623768
2.623000        14.107177005219267
2.624000        14.115833240977295
2.625000        14.12460409553605
2.626000        14.13335171971358
2.627000        14.14209966829868
2.628000        14.150512561023419
2.629000        14.159274321889928
2.630000        14.167981267147894
2.631000        14.176726728124553
2.632000        14.185566551868611
2.633000        14.194320940594835
2.634000        14.20297969407616
2.635000        14.211705444063437
2.636000        14.220220607296955
2.637000        14.228934592200524
2.638000        14.237538346764438
2.639000        14.246273176408742
2.640000        14.255438837818563
2.641000        14.264145749012272
2.642000        14.272696593824413
2.643000        14.2813929247997
2.644000        14.289942392927685
2.645000        14.298623109041838
2.646000        14.307277336114115
2.647000        14.315976380537709
2.648000        14.324916598867219
2.649000        14.333604883121229
2.650000        14.34214972843975
2.651000        14.350783093893206
2.652000        14.359584382499627
2.653000        14.368242349782932
2.654000        14.376807022954956
2.655000        14.385464784497177
2.656000        14.394272935162014
2.657000        14.402911816527904
2.658000        14.411473301141339
2.659000        14.420128986160169
2.660000        14.428735110426324
2.661000        14.43738689747357
2.662000        14.446102020397568
2.663000        14.454737243681787
2.664000        14.46349007242122
2.665000        14.472141875432087
2.666000        14.480807924187378
2.667000        14.489444346388716
2.668000        14.497242251864563
2.669000        14.505919339002002
2.670000        14.514724259255722
2.671000        14.523366671604588
2.672000        14.532032529770216
2.673000        14.54068133673466
2.674000        14.549274549754667
2.675000        14.557915430001778
2.676000        14.566739166493868
2.677000        14.5753724702003
2.678000        14.583911499258434
2.679000        14.592536503165803
2.680000        14.601229524816912
2.681000        14.609866799722827
2.682000        14.617844965196486
2.683000        14.626474632875233
2.684000        14.63514193344351
2.685000        14.643780541394747
2.686000        14.651281228242837
2.687000        14.6599253797214
2.688000        14.668637163006323
2.689000        14.677279593024025
2.690000        14.68576863753131
2.691000        14.694397883380766
2.692000        14.703032890871032
2.693000        14.711678881154658
2.694000        14.720250204570632
2.695000        14.728877205057625
2.696000        14.73743300026431
2.697000        14.74606477757714
2.698000        14.754275955053082
2.699000        14.762919799474059
2.700000        14.77149344344831
2.701000        14.780120573440364
2.702000        14.788348411969341
2.703000        14.796954213866659
2.704000        14.805498436427207
2.705000        14.814139446183983
2.706000        14.82259116165735
2.707000        14.831239779699693
2.708000        14.8396736322056
2.709000        14.848327115835374
2.710000        14.856975308372444
2.711000        14.86560079245686
2.712000        14.874197675846517
2.713000        14.88285415470143
2.714000        14.891332502153613
2.715000        14.899966747004353
2.716000        14.908573745850838
2.717000        14.91718730614448
2.718000        14.92571964460123
2.719000        14.934337246080197
2.720000        14.942908283066739
2.721000        14.951504813222396
2.722000        14.959951104407338
2.723000        14.968560666165803
2.724000        14.977155526830138
2.725000        14.985767137841894
2.726000        14.993748364234865
2.727000        15.002354348015622
2.728000        15.011003909193796
2.729000        15.019611739247438
2.730000        15.02799416072638
2.731000        15.036580791714844
2.732000        15.04516961303499
2.733000        15.05377806341993
2.734000        14.956812639748588
2.735000        14.965630538586687
2.736000        14.9751243730218
2.737000        14.978436732974203
2.738000        14.9891316312704
2.739000        14.996334720746109
2.740000        15.005042487199628
2.741000        15.013922349713507
2.742000        15.022297900901101
2.743000        15.03115539641281
2.744000        15.04024626828361
2.745000        15.048560999333084
2.746000        15.057324270244152
2.747000        15.066241653108648
2.748000        15.075651400947716
2.749000        15.084628354830105
2.750000        15.093877350386027
2.751000        15.10548448120057
2.752000        15.114518741052688
2.753000        15.123360877426002
2.754000        15.132266885028677
2.755000        15.102951801869601
2.756000        15.112222048542595
2.757000        15.12034233928956
2.758000        15.128975083428518
2.759000        15.13706527953283
2.760000        15.145961296355004
2.761000        15.154694188680491
2.762000        15.163151868498662
2.763000        15.166690270757101
2.764000        15.176126329705504
2.765000        15.184560737642688
2.766000        15.194061722770943
2.767000        15.202364950650125
2.768000        15.211348592723091
2.769000        15.22039025115198
2.770000        15.229674712176266
2.771000        15.238022965090199
2.772000        15.246954483787807
2.773000        15.255556363943388
2.774000        15.26468347319166
2.775000        15.273632140834941
2.776000        15.28241321811404
2.777000        15.290674752139534
2.778000        15.299281586740396
2.779000        15.30763040286693
2.780000        15.316651543286742
2.781000        15.325430704404663
2.782000        15.334208095469272
2.783000        15.342591350213763
2.784000        15.35147161371443
2.785000        15.359910090762767
2.786000        15.368630169689311
2.787000        15.377067495676162
2.788000        15.385978265882578
2.789000        15.394747844544707
2.790000        15.403344812973074
2.791000        15.411659324929534
2.792000        15.42049476920753
2.793000        15.429014411666675
2.794000        15.438055820502441
2.795000        15.446451257434251
2.796000        15.455633148444864
2.797000        15.46397073147077
2.798000        15.473110323961201
2.799000        15.481941073837145
2.800000        15.490540059848293
2.801000        15.498653321832954
2.802000        15.507653191805375
2.803000        15.516517701042638
2.804000        15.524989330836284
2.805000        15.532827888638902
2.806000        15.54139896766095
2.807000        15.549913152012081
2.808000        15.558966615624371
2.809000        15.567954278382107
2.810000        15.576853207397885
2.811000        15.585121859397777
2.812000        15.594234359822888
2.813000        15.599568215652411
2.814000        15.60837219574288
2.815000        15.616921793374885
2.816000        15.62460389680243
2.817000        15.633198523260866
2.818000        15.641924922298884
2.819000        15.65070983375055
2.820000        15.659060210967297
2.821000        15.66727995455215
2.822000        15.67633303925605
2.823000        15.684798595893227
2.824000        15.693786573236839
2.825000        15.702611578215691
2.826000        15.7112663296491
2.827000        15.7195134284154
2.828000        15.728254921713638
2.829000        15.736667001225175
2.830000        15.745732022595906
2.831000        15.754230265991591
2.832000        15.76303427900189
2.833000        15.771764580891261
2.834000        15.780423865011329
2.835000        15.788715330191717
2.836000        15.797789907933126
2.837000        15.806698576848717
2.838000        15.815114113432873
2.839000        15.823050505711382
2.840000        15.831500300143027
2.841000        15.840107283017606
2.842000        15.848614898774489
2.843000        15.85699580461555
2.844000        15.86606236434056
2.845000        15.874650836151108
2.846000        15.883542699384385
2.847000        15.892133778030715
2.848000        15.901134169729925
2.849000        15.915270388852605
2.850000        15.923660095137013
2.851000        15.931907254535282
2.852000        15.940820739268904
2.853000        15.949523512785806
2.854000        15.957848305226548
2.855000        15.965887246522577
2.856000        15.974777674856249
2.857000        15.983071656791768
2.858000        15.992090717027718
2.859000        16.000740233383187
2.860000        16.011899054076714
2.861000        16.020338582746767
2.862000        16.029323090878727
2.863000        16.038053033348394
2.864000        16.046525366012084
2.865000        16.05484012950269
2.866000        16.063579281445598
2.867000        16.072129084730843
2.868000        16.080576546824645
2.869000        16.089046645447326
2.870000        16.09751429267271
2.871000        16.106484322467605
2.872000        16.114319442010565
2.873000        16.12042835247766
