0.010000        0.03162154352693847
0.020000        0.06353653466447184
0.030000        0.09535309398215475
0.040000        0.12725959267243248
0.050000        0.15920105353155023
0.060000        0.1912061342650695
0.070000        0.22326079454318482
0.080000        0.25536710454908196
0.090000        0.2875190058289476
0.100000        0.31971505548290047
0.110000        0.3519529685287939
0.120000        0.384232787274831
0.130000        0.4165553977087857
0.140000        0.44892327852817004
0.150000        0.4813399236600322
0.160000        0.5138098649532843
0.170000        0.5463382992024055
0.180000        0.5789308898881611
0.190000        0.6115934681164816
0.200000        0.6443318118605141
0.210000        0.677151430552339
0.220000        0.7100574130758162
0.230000        0.7430543179717759
0.240000        0.7761461208537899
0.250000        0.8093362070528372
0.260000        0.8426274068685675
0.270000        0.8760220613776664
0.280000        0.9095221096823991
0.290000        0.9431291862051374
0.300000        0.9768447190537994
0.310000        1.0106700216469253
0.320000        1.0446063726767196
0.330000        1.078655081799754
0.340000        1.1128175409334577
0.350000        1.1470952627688042
0.360000        1.1814899093090787
0.370000        1.2160033136379997
0.380000        1.250637497900426
0.390000        1.2853946897168296
0.400000        1.3202773382190642
0.410000        1.355288129817989
0.420000        1.3904300029408265
0.430000        1.4257061604480121
0.440000        1.4611200783020006
0.450000        1.4966755092532313
0.460000        1.5323764807195737
0.470000        1.5682272865417275
0.480000        1.60423247280103
0.490000        1.6403968183243567
0.500000        1.6767253108388118
0.510000        1.7132231199597516
0.520000        1.7498955682941233
0.530000        1.7867481019223135
0.540000        1.8237862614032032
0.550000        1.8610156542569722
0.560000        1.8984419296517512
0.570000        1.9360707557844687
0.580000        1.973907800225863
0.590000        2.011958713308017
0.600000        2.0502291144757994
0.610000        2.0887245814033406
0.620000        2.12745064159315
0.630000        2.1664127661262906
0.640000        2.2056163652124354
0.650000        2.2450667851915806
0.660000        2.2847693066572177
0.670000        2.32472914339753
0.680000        2.364951441882827
0.690000        2.4054412810612487
0.700000        2.4462036722597453
0.710000        2.4872435590221826
0.720000        2.528565816751156
0.730000        2.570175252054476
0.740000        2.6120766017319816
0.750000        2.654274531372975
0.760000        2.6967736335687036
0.770000        2.739578425776811
0.780000        2.782693347904008
0.790000        2.826122759698853
0.800000        2.8698709380672778
0.810000        2.9139420744393245
0.820000        2.9583402723260086
0.830000        3.003069545210346
0.840000        3.048133814916378
0.850000        3.0935369105945725
0.860000        3.1392825684513763
0.870000        3.1853744323348447
0.880000        3.2318160552671653
0.890000        3.278610901988742
0.900000        3.325762352547569
0.910000        3.373273706932798
0.920000        3.42114819071387
0.930000        3.4693889616082743
0.940000        3.517999116863855
0.950000        3.5669817013085865
0.960000        3.6163397158936768
0.970000        3.6660761265372734
0.980000        3.7161938730667785
0.990000        3.7666958780583233
1.000000        3.817585055381155
1.010000        3.8688643182713243
1.020000        3.9205365867800754
1.030000        3.972604794465692
1.040000        4.025071894220023
1.050000        4.077940863140588
1.060000        4.131214706374097
1.070000        4.184896459866229
1.080000        4.238989191955314
1.090000        4.2934960037435665
1.100000        4.348420028169729
1.110000        4.4037644276914545
1.120000        4.459532390465872
1.130000        4.5157271248932425
1.140000        4.572351852363138
1.150000        4.6294097980164715
1.160000        4.6869041793122275
1.170000        4.744838192167158
1.180000        4.803214994422866
1.190000        4.862037686391362
1.200000        4.921309288240915
1.210000        4.98103271401356
1.220000        5.041210742118176
1.230000        5.10184598222305
1.240000        5.162940838582893
1.250000        5.224497469979497
1.260000        5.286517746632837
1.270000        5.349003204648179
1.280000        5.411954998798398
1.290000        5.475373854690234
1.300000        5.539260021614883
1.310000        5.6036132276206505
1.320000        5.668432638548746
1.330000        5.733716822921917
1.340000        5.799463724648829
1.350000        5.865670645486924
1.360000        5.932334239079191
1.370000        5.999450518138756
1.380000        6.067014876001561
1.390000        6.135022123311941
1.400000        6.203466540070625
1.410000        6.27234194268889
1.420000        6.341641765094302
1.430000        6.411359152363701
1.440000        6.481487064859696
1.450000        6.552018390455508
1.460000        6.622946062178784
1.470000        6.694263178505345
1.480000        6.765963123592538
1.490000        6.838039684947322
1.500000        6.9104871663521585
1.510000        6.9833004942871355
1.520000        7.056475316547168
1.530000        7.1300080922153946
1.540000        7.203896172575774
1.550000        7.278137872894678
1.560000        7.3527325352457
1.570000        7.4276805826790735
1.580000        7.502983565042257
1.590000        7.578644196649858
1.600000        7.654666385800837
1.610000        7.731055255884339
1.620000        7.807817157554105
1.630000        7.884959671250506
1.640000        7.962491599282327
1.650000        8.040422946813834
1.660000        8.118764891468821
1.670000        8.197529741824031
1.680000        8.276730885686053
1.690000        8.356382729519805
1.700000        8.436500630517088
1.710000        8.517100822478117
1.720000        8.598200336040808
1.730000        8.679816913106283
1.740000        8.761968914876654
1.750000        8.844675222939284
1.760000        8.927955133338806
1.770000        9.011828244482054
1.780000        9.096314340853425
1.790000        9.181433275680682
1.800000        9.267204856683666
1.810000        9.353648739692634
1.820000        9.440784335136875
1.830000        9.528630732168907
1.840000        9.617206644578655
1.850000        9.706530381772524
1.860000        9.796619847029088
1.870000        9.88749256405103
1.880000        9.979165731597249
1.890000        10.07165630486335
1.900000        10.164981101450493
1.910000        10.259156929213724
1.920000        10.354200732789607
1.930000        10.450129754981234
1.940000        10.546961708456429
1.950000        10.644714952347986
1.960000        10.743408666873162
1.970000        10.843063016424196
1.980000        10.943699287187172
1.990000        11.045339978137434
2.000000        11.148008812397656
2.010000        11.251730617333042
2.020000        11.356530994370093
2.030000        11.462435663036352
2.040000        11.569469323531699
2.050000        11.677653854439537
2.060000        11.78700567803855
2.070000        11.89753223261636
2.080000        12.009227748827428
2.090000        12.122068975046965
2.100000        12.2360120352465
2.110000        12.350991858181459
2.120000        12.466925150124318
2.130000        12.5837167034063
2.140000        12.701267532494139
2.150000        12.819482690343197
2.160000        12.938277019303051
2.170000        13.057578181222627
2.180000        13.17732735462928
2.190000        13.297478505144142
2.200000        13.417997124568867
2.210000        13.538859042033653
2.220000        13.660049575246724
2.230000        13.781563043225209
2.240000        13.903402540875064
2.250000        14.025579860751176
2.260000        14.148115490381908
2.270000        14.271038664016967
2.280000        14.39438747133444
2.290000        14.518209014798344
2.300000        14.642559562460725
2.310000        14.767504587335619
2.320000        14.893118509409568
2.330000        15.019483928379714
2.340000        15.146690102318392
2.350000        15.274830566535147
2.360000        15.403999875026319
2.370000        15.534289858391698
2.380000        15.665785784366925
2.390000        15.798563321364178
2.400000        15.932686438583303
2.410000        16.068207167130403
2.420000        16.205166081542224
2.430000        16.343594827816663
2.440000        16.483517820467444
2.450000        16.624956094487832
2.460000        16.767928770070302
2.470000        16.912456535754924
2.480000        17.058563220570594
2.490000        17.206277100190892
2.500000        17.3556319902975
2.510000        17.506674039712696
2.520000        17.659426974920255
2.530000        17.814011683896435
2.540000        17.97026341929077
2.550000        18.128791668891353
2.560000        18.28822849279289
2.570000        18.44947731555169
2.580000        18.608309538484292
