0.000100        0.0
0.000200        0.0
0.000300        0.0
0.000400        0.0
0.000500        0.0
0.000600        0.0
0.000700        0.0
0.000800        0.0
0.000900        0.0
0.001000        0.0
0.001100        0.0
0.001200        0.0
0.001300        0.0
0.001400        0.0
0.001500        0.0
0.001600        0.0
0.001700        0.0
0.001800        0.0
0.001900        0.0
0.002000        0.0
0.002100        0.0
0.002200        0.0
0.002300        0.0
0.002400        0.0
0.002500        0.0
0.002600        0.0
0.002700        0.0
0.002800        0.0
0.002900        0.0
0.003000        0.0
0.003100        0.0
0.003200        0.0
0.003300        0.0
0.003400        0.0
0.003500        0.0
0.003600        0.0
0.003700        0.0
0.003800        0.0
0.003900        0.0
0.004000        0.0
0.004100        0.0
0.004200        0.0
0.004300        0.0
0.004400        0.0
0.004500        0.0
0.004600        0.0
0.004700        0.0
0.004800        0.0
0.004900        0.0
0.005000        0.0
0.005100        0.0
0.005200        0.0
0.005300        0.0
0.005400        0.0
0.005500        0.0
0.005600        0.0
0.005700        0.0
0.005800        0.0
0.005900        0.0
0.006000        0.0
0.006100        0.0
0.006200        0.0
0.006300        0.0
0.006400        0.0
0.006500        0.0
0.006600        0.0
0.006700        0.0
0.006800        0.0
0.006900        0.0
0.007000        0.0
0.007100        0.0
0.007200        0.0
0.007300        0.0
0.007400        0.0
0.007500        0.0
0.007600        0.0
0.007700        0.0
0.007800        0.0
0.007900        0.0
0.008000        0.0
0.008100        0.0
0.008200        0.0
0.008300        0.0
0.008400        0.0
0.008500        0.0
0.008600        0.0
0.008700        0.0
0.008800        0.0
0.008900        0.0
0.009000        0.0
0.009100        0.0
0.009200        0.0
0.009300        0.0
0.009400        0.0
0.009500        0.0
0.009600        0.0
0.009700        0.0
0.009800        0.0
0.009900        0.0
0.010000        0.0
0.010100        0.0
0.010200        0.0
0.010300        0.0
0.010400        0.0
0.010500        0.0
0.010600        0.0
0.010700        0.0
0.010800        0.0
0.010900        0.0
0.011000        0.0
0.011100        0.0
0.011200        0.0
0.011300        0.0
0.011400        0.0
0.011500        0.0
0.011600        0.0
0.011700        0.0
0.011800        0.0
0.011900        0.0
0.012000        0.0
0.012100        0.0
0.012200        0.0
0.012300        0.0
0.012400        0.0
0.012500        0.0
0.012600        0.0
0.012700        0.0
0.012800        0.0
0.012900        0.0
0.013000        0.0
0.013100        0.0
0.013200        0.0
0.013300        0.0
0.013400        0.0
0.013500        0.0
0.013600        0.0
0.013700        0.0
0.013800        0.0
0.013900        0.0
0.014000        0.0
0.014100        0.0
0.014200        0.0
0.014300        0.0
0.014400        0.0
0.014500        0.0
0.014600        0.0
0.014700        0.0
0.014800        0.0
0.014900        0.0
0.015000        0.0
0.015100        0.0
0.015200        0.0
0.015300        0.0
0.015400        0.0
0.015500        0.0
0.015600        0.0
0.015700        0.0
0.015800        0.0
0.015900        0.0
0.016000        0.0
0.016100        0.0
0.016200        0.0
0.016300        0.0
0.016400        0.0
0.016500        0.0
0.016600        0.0
0.016700        0.0
0.016800        0.0
0.016900        0.0
0.017000        0.0
0.017100        0.0
0.017200        0.0
0.017300        0.0
0.017400        0.0
0.017500        0.0
0.017600        0.0
0.017700        0.0
0.017800        0.0
0.017900        0.0
0.018000        0.0
0.018100        0.0
0.018200        0.0
0.018300        0.0
0.018400        0.0
0.018500        0.0
0.018600        0.0
0.018700        0.0
0.018800        0.0
0.018900        0.0
0.019000        0.0
0.019100        0.0
0.019200        0.0
0.019300        0.0
0.019400        0.0
0.019500        0.0
0.019600        0.0
0.019700        0.0
0.019800        0.0
0.019900        0.0
0.020000        0.0
0.020100        0.0
0.020200        0.0
0.020300        0.0
0.020400        0.0
0.020500        0.0
0.020600        0.0
0.020700        0.0
0.020800        0.0
0.020900        0.0
0.021000        0.0
0.021100        0.0
0.021200        0.0
0.021300        0.0
0.021400        0.0
0.021500        0.0
0.021600        0.0
0.021700        0.0
0.021800        0.0
0.021900        0.0
0.022000        0.0
0.022100        0.0
0.022200        0.0
0.022300        0.0
0.022400        0.0
0.022500        0.0
0.022600        0.0
0.022700        0.0
0.022800        0.0
0.022900        0.0
0.023000        0.0
0.023100        0.0
0.023200        0.0
0.023300        0.0
0.023400        0.0
0.023500        0.0
0.023600        0.0
0.023700        0.0
0.023800        0.0
0.023900        0.0
0.024000        0.0
0.024100        0.0
0.024200        0.0
0.024300        0.0
0.024400        0.0
0.024500        0.0
0.024600        0.0
0.024700        0.0
0.024800        0.0
0.024900        0.0
0.025000        0.0
0.025100        0.0
0.025200        0.0
0.025300        0.0
0.025400        0.0
0.025500        0.0
0.025600        0.0
0.025700        0.0
0.025800        0.0
0.025900        0.0
0.026000        0.0
0.026100        0.0
0.026200        0.0
0.026300        0.0
0.026400        0.0
0.026500        0.0
0.026600        0.0
0.026700        0.0
0.026800        0.0
0.026900        0.0
0.027000        0.0
0.027100        0.0
0.027200        0.0
0.027300        0.0
0.027400        0.0
0.027500        0.0
0.027600        0.0
0.027700        0.0
0.027800        0.0
0.027900        0.0
0.028000        0.0
0.028100        0.0
0.028200        0.0
0.028300        0.0
0.028400        0.0
0.028500        0.0
0.028600        0.0
0.028700        0.0
0.028800        0.0
0.028900        0.0
0.029000        0.0
0.029100        0.0
0.029200        0.0
0.029300        0.0
0.029400        0.0
0.029500        0.0
0.029600        0.0
0.029700        0.0
0.029800        0.0
0.029900        0.0
0.030000        0.0
0.030100        0.0
0.030200        0.0
0.030300        0.0
0.030400        0.0
0.030500        0.0
0.030600        0.0
0.030700        0.0
0.030800        0.0
0.030900        0.0
0.031000        0.0
0.031100        0.0
0.031200        0.0
0.031300        0.0
0.031400        0.0
0.031500        0.0
0.031600        0.0
0.031700        0.0
0.031800        0.0
0.031900        0.0
0.032000        0.0
0.032100        0.0
0.032200        0.0
0.032300        0.0
0.032400        0.0
0.032500        0.0
0.032600        0.0
0.032700        0.0
0.032800        0.0
0.032900        0.0
0.033000        0.0
0.033100        0.0
0.033200        0.0
0.033300        0.0
0.033400        0.0
0.033500        0.0
0.033600        0.0
0.033700        0.0
0.033800        0.0
0.033900        0.0
0.034000        0.0
0.034100        0.0
0.034200        0.0
0.034300        0.0
0.034400        0.0
0.034500        0.0
0.034600        0.0
0.034700        0.0
0.034800        0.0
0.034900        0.0
0.035000        0.0
0.035100        0.0
0.035200        0.0
0.035300        0.0
0.035400        0.0
0.035500        0.0
0.035600        0.0
0.035700        0.0
0.035800        0.0
0.035900        0.0
0.036000        0.0
0.036100        0.0
0.036200        0.0
0.036300        0.0
0.036400        0.0
0.036500        0.0
0.036600        0.0
0.036700        0.0
0.036800        0.0
0.036900        0.0
0.037000        0.0
0.037100        0.0
0.037200        0.0
0.037300        0.0
0.037400        0.0
0.037500        0.0
0.037600        0.0
0.037700        0.0
0.037800        0.0
0.037900        0.0
0.038000        0.0
0.038100        0.0
0.038200        0.0
0.038300        0.0
0.038400        0.0
0.038500        0.0
0.038600        0.0
0.038700        0.0
0.038800        0.0
0.038900        0.0
0.039000        0.0
0.039100        0.0
0.039200        0.0
0.039300        0.0
0.039400        0.0
0.039500        0.0
0.039600        0.0
0.039700        0.0
0.039800        0.0
0.039900        0.0
0.040000        0.0
0.040100        0.0
0.040200        0.0
0.040300        0.0
0.040400        0.0
0.040500        0.0
0.040600        0.0
0.040700        0.0
0.040800        0.0
0.040900        0.0
0.041000        0.0
0.041100        0.0
0.041200        0.0
0.041300        0.0
0.041400        0.0
0.041500        0.0
0.041600        0.0
0.041700        0.0
0.041800        0.0
0.041900        0.0
0.042000        0.0
0.042100        0.0
0.042200        0.0
0.042300        0.0
0.042400        0.0
0.042500        0.0
0.042600        0.0
0.042700        0.0
0.042800        0.0
0.042900        0.0
0.043000        0.0
0.043100        0.0
0.043200        0.0
0.043300        0.0
0.043400        0.0
0.043500        0.0
0.043600        0.0
0.043700        0.0
0.043800        0.0
0.043900        0.0
0.044000        0.0
0.044100        0.0
0.044200        0.0
0.044300        0.0
0.044400        0.0
0.044500        0.0
0.044600        0.0
0.044700        0.0
0.044800        0.0
0.044900        0.0
0.045000        0.0
0.045100        0.0
0.045200        0.0
0.045300        0.0
0.045400        0.0
0.045500        0.0
0.045600        0.0
0.045700        0.0
0.045800        0.0
0.045900        0.0
0.046000        0.0
0.046100        0.0
0.046200        0.0
0.046300        0.0
0.046400        0.0
0.046500        0.0
0.046600        0.0
0.046700        0.0
0.046800        0.0
0.046900        2.220446049250313e-16
0.047000        1.1102230246251565e-15
0.047100        1.3322676295501878e-15
0.047200        8.881784197001252e-16
0.047300        4.440892098500626e-16
0.047400        2.220446049250313e-16
0.047500        0.0
0.047600        -1.1102230246251565e-16
0.047700        -1.1102230246251565e-16
0.047800        -1.1102230246251565e-16
0.047900        -1.1102230246251565e-16
0.048000        -1.1102230246251565e-16
0.048100        -1.1102230246251565e-16
0.048200        -1.1102230246251565e-16
0.048300        -1.1102230246251565e-16
0.048400        -1.1102230246251565e-16
0.048500        -1.1102230246251565e-16
0.048600        -1.1102230246251565e-16
0.048700        -1.1102230246251565e-16
0.048800        -1.1102230246251565e-16
0.048900        -1.1102230246251565e-16
0.049000        -1.1102230246251565e-16
0.049100        -1.1102230246251565e-16
0.049200        -1.1102230246251565e-16
