0.010000        0.025776615064662778
0.020000        0.05103507443219257
0.030000        0.07655896559091069
0.040000        0.10204882479303201
0.050000        0.12775301953969986
0.060000        0.15349921997815485
0.070000        0.17943710113346434
0.080000        0.20544748034427407
0.090000        0.23163620603039448
0.100000        0.2579139559929171
0.110000        0.28436161830880025
0.120000        0.31090898730571226
0.130000        0.3376207842188279
0.140000        0.3644400250211941
0.150000        0.39142009797490473
0.160000        0.4185136590781191
0.170000        0.44576571974330115
0.180000        0.47313624428020873
0.190000        0.5006638137408395
0.200000        0.5283141027473146
0.210000        0.5561206142129933
0.220000        0.5840535928945627
0.230000        0.6121424416174506
0.240000        0.6403611348544285
0.250000        0.6687357053720451
0.260000        0.6972432210865289
0.270000        0.7259069035895411
0.280000        0.7547064216322568
0.290000        0.7836626225482899
0.300000        0.812757387252125
0.310000        0.8420095364785816
0.320000        0.8714028516245147
0.330000        0.9009544076896923
0.340000        0.9306496330747454
0.350000        0.9605040869553889
0.360000        0.9905046360428198
0.370000        1.0206655140786989
0.380000        1.05097485239369
0.390000        1.0814457185781592
0.400000        1.1120673626271405
0.410000        1.142851820456496
0.420000        1.1737893370210237
0.430000        1.204891031025749
0.440000        1.236148036728796
0.450000        1.267570653771429
0.460000        1.2991508148447615
0.470000        1.3308980852438168
0.480000        1.3628051174457934
0.490000        1.39488081596809
0.500000        1.4271184846152742
0.510000        1.459526431367303
0.520000        1.4920985514530276
0.530000        1.5248426126937762
0.540000        1.5577530490736784
0.550000        1.5908371379655026
0.560000        1.6240898055949344
0.570000        1.6575178829048767
0.580000        1.691116747116629
0.590000        1.724892821877507
0.600000        1.758841898690882
0.610000        1.7929700288291883
0.620000        1.827273385283359
0.630000        1.8617576782193375
0.640000        1.8964194327253754
0.650000        1.931264045949339
0.660000        1.9662883686563166
0.670000        2.001497510284292
0.680000        2.036888623455729
0.690000        2.0724665527667216
0.700000        2.108228731164221
0.710000        2.1441797591208402
0.720000        2.180317330392249
0.730000        2.216645820145917
0.740000        2.253163165215696
0.750000        2.289873532597305
0.760000        2.326775086057074
0.770000        2.3638718000536105
0.780000        2.401162050551042
0.790000        2.4386496337685077
0.800000        2.476333124392891
0.810000        2.514216153505549
0.820000        2.552297482168486
0.830000        2.590580588354344
0.840000        2.629064408164112
0.850000        2.6677522775263682
0.860000        2.7066432971545336
0.870000        2.7457406711285905
0.880000        2.785043655167522
0.890000        2.8245553309130162
0.900000        2.864275100222967
0.910000        2.904205931000204
0.920000        2.9443473630446046
0.930000        2.9847022585746323
0.940000        3.0252702877423037
0.950000        3.066054214549819
0.960000        3.107053832462727
0.970000        3.148271814200873
0.980000        3.189708070006075
0.990000        3.2313651877621137
1.000000        3.273243188406523
1.010000        3.3153445809873254
1.020000        3.3576694914738425
1.030000        3.400220355670001
1.040000        3.4429973992935583
1.050000        3.4860029901208733
1.060000        3.5292374486829043
1.070000        3.5727030795999273
1.080000        3.6164002935996677
1.090000        3.660331336699903
1.100000        3.7044967055009472
1.110000        3.7488985916782163
1.120000        3.793537573648644
1.130000        3.838415792734052
1.140000        3.883533905358391
1.150000        3.9288940062272673
1.160000        3.974496826188526
1.170000        4.020344416835606
1.180000        4.066437580065482
1.190000        4.112778327646527
1.200000        4.159367529341875
1.210000        4.206207160179854
1.220000        4.253298154783407
1.230000        4.300642454337236
1.240000        4.348241055480493
1.250000        4.39609586827431
1.260000        4.444207948680397
1.270000        4.492579178191193
1.280000        4.541210669535504
1.290000        4.590104278036856
1.300000        4.639261170763065
1.310000        4.688683179122666
1.320000        4.73837152221172
1.330000        4.788328009640237
1.340000        4.838553910329791
1.350000        4.889051014078518
1.360000        4.939820637530195
1.370000        4.990864552534873
1.380000        5.042184121446628
1.390000        5.093781099914652
1.400000        5.145656894075369
1.410000        5.197813245013567
1.420000        5.250251600797013
1.430000        5.302973689476985
1.440000        5.355980999272017
1.450000        5.40927524662998
1.460000        5.46285795820388
1.470000        5.516730840171768
1.480000        5.570895455963383
1.490000        5.62535350272792
1.500000        5.680106579067214
1.510000        5.7351563742534974
1.520000        5.7905045205039976
1.530000        5.846152700279939
1.540000        5.902102577900367
1.550000        5.9583558299983785
1.560000        6.0149141515197115
1.570000        6.071779214171666
1.580000        6.1289527420856516
1.590000        6.1864364028672085
1.600000        6.244231948422268
1.610000        6.302341043002336
1.620000        6.3607654649026095
1.630000        6.419506875693724
1.640000        6.478567078696898
1.650000        6.537947733401989
1.660000        6.5976506668113295
1.670000        6.657677536862323
1.680000        6.718030192908266
1.690000        6.778710291791711
1.700000        6.839719703898094
1.710000        6.901060085362882
1.720000        6.962733326292852
1.730000        7.024741082434943
1.740000        7.087085262311234
1.750000        7.149767521530052
1.760000        7.212789785724375
1.770000        7.276153710545433
1.780000        7.339861237431329
1.790000        7.4039140221894435
1.800000        7.4683140207528815
1.810000        7.533062889130132
1.820000        7.598162596431919
1.830000        7.663614798844282
1.840000        7.729421477328167
1.850000        7.795584288154668
1.860000        7.862105222794803
1.870000        7.928985937442722
1.880000        7.9962284327239495
1.890000        8.063834364523455
1.900000        8.131805741247732
1.910000        8.200144218169108
1.920000        8.268851810081138
1.930000        8.337930171267612
1.940000        8.407381321492494
1.950000        8.47720691360135
1.960000        8.547408970886984
1.970000        8.617989144231554
1.980000        8.688949458988208
1.990000        8.760291563473004
2.000000        8.832017483602307
2.010000        8.90412886444346
2.020000        8.976627730948834
2.030000        9.049515724171684
2.040000        9.122794866542051
2.050000        9.196466794247506
2.060000        9.270533525605952
2.070000        9.34499669099716
2.080000        9.419858303005906
2.090000        9.49511998516627
2.100000        9.570783742679286
2.110000        9.646851191092896
2.120000        9.723324326547203
2.130000        9.800204755352325
2.140000        9.87749446288895
2.150000        9.955195044854968
2.160000        10.0333084741604
2.170000        10.111836334378292
2.180000        10.190780584237249
2.190000        10.270142793513383
2.200000        10.349924905063705
2.210000        10.430128473006025
2.220000        10.510755422686817
2.230000        10.59180729047213
2.240000        10.673285982656541
2.250000        10.755193015466453
2.260000        10.837530274771492
2.270000        10.920299253883204
2.280000        11.003501817150308
2.290000        11.087139431666209
2.300000        11.171213939609075
2.310000        11.255726777805275
2.320000        11.340679766325945
2.330000        11.426074306593602
2.340000        11.511912197776017
2.350000        11.598194799118172
2.360000        11.684923891922843
2.370000        11.77210078395003
2.380000        11.859727244659634
2.390000        11.94780451699177
2.400000        12.036334369505425
2.410000        12.125317960422116
2.420000        12.214757076585471
2.430000        12.304652760643073
2.440000        12.395006850970763
2.450000        12.485820225067496
2.460000        12.577094830541885
2.470000        12.66883129744754
2.480000        12.761031783720494
2.490000        12.853696531157446
2.500000        12.946828087766587
2.510000        13.04042605922534
2.520000        13.134493709042076
2.530000        13.229029558515336
2.540000        13.324038187989924
2.550000        13.419516202144209
2.560000        13.51547063393544
2.570000        13.61189458569564
2.580000        13.70879973773641
2.590000        13.806172588616963
2.600000        13.90403380734272
2.610000        14.002357054599223
2.620000        14.101180783568012
2.630000        14.200452887996331
2.640000        14.300247901942466
2.650000        14.400459916914649
2.660000        14.501239160695938
2.670000        14.60235911399526
2.680000        14.704140862581855
2.690000        14.80602430501646
2.700000        14.90882196668839
2.710000        15.011475179140973
2.720000        15.11524513208088
2.730000        15.218917473124048
2.740000        15.323662065755432
2.750000        15.428101435436268
2.760000        15.533608628410349
2.770000        15.638840704810946
2.780000        15.745372389408281
2.790000        15.85143037289895
2.800000        15.95915374106928
2.810000        16.065441696360086
2.820000        16.17410228768876
2.830000        16.282886265810262
2.840000        16.392115104304164
2.850000        16.502942967726046
2.860000        16.612832018634926
2.870000        16.72331857702203
2.880000        16.83397648057683
2.890000        16.94549129132008
2.900000        17.05673147594483
2.910000        17.168454302882388
2.920000        17.28042473293274
2.930000        17.39288097396876
2.940000        17.505531827742864
2.950000        17.61736501054539
2.960000        17.730705840680326
2.970000        17.843964595933144
2.980000        17.95798914540116
2.990000        18.07233901039441
3.000000        18.18656165745675
3.010000        18.300759369593806
3.020000        18.41560465967096
3.030000        18.530399762837334
3.040000        18.64528917584498
3.050000        18.76028073704332
3.060000        18.875759836761723
3.070000        18.991002643617577
3.080000        19.106697082320434
3.090000        19.222277703735223
3.100000        19.338413623485234
3.110000        19.454588250706365
3.120000        19.57058324192024
3.130000        19.686297008987538
3.140000        19.802557916520858
3.150000        19.918689844613787
3.160000        20.03491394183551
3.170000        20.151415975019074
3.180000        20.267925851930602
3.190000        20.383046682028294
3.200000        20.499693998583485
3.210000        20.615962789371064
3.220000        20.733116669845952
3.230000        20.84891871037948
3.240000        20.966328539969833
3.250000        21.082949790932478
3.260000        21.199964624755456
3.270000        21.316517478882343
3.280000        21.433435840683828
3.290000        21.549973970554067
3.300000        21.66713831860661
3.310000        21.783679572012765
3.320000        21.90089748926143
3.330000        22.01766288628388
3.340000        22.134614480345654
3.350000        22.25113019596781
3.360000        22.368161201383344
3.370000        22.48429044460852
3.380000        22.601412890250508
3.390000        22.718726433344187
3.400000        22.835872030629687
3.410000        22.95293453489205
3.420000        23.0697955189922
3.430000        23.183704336990957
3.440000        23.30079665344462
3.450000        23.417220297910944
3.460000        23.534174430010786
3.470000        23.650608664914763
3.480000        23.767661515533298
3.490000        23.884527079141122
3.500000        24.001575791849604
3.510000        24.11645115026947
3.520000        24.233631318348642
3.530000        24.349461226188282
3.540000        24.466593849050327
3.550000        24.5822426671483
3.560000        24.69900436650282
3.570000        24.81439379895491
3.580000        24.93164915145975
3.590000        25.0475186621293
3.600000        25.16466249592915
3.610000        25.28117882556692
3.620000        25.398147397774622
3.630000        25.513503518971184
3.640000        25.630427648253168
3.650000        25.746110853138696
3.660000        25.86253784380571
3.670000        25.977035163395414
3.680000        26.09176360995231
3.690000        26.20776730851569
3.700000        26.322699491691637
3.710000        26.43872342315283
3.720000        26.554273431455684
3.730000        26.670044190499397
3.740000        26.784895572442586
3.750000        26.9009458850326
3.760000        27.01649315357809
3.770000        27.132331893474124
3.780000        27.24635675463815
3.790000        27.36195409155851
3.800000        27.47744924747981
3.810000        27.594328175765554
3.820000        27.710539584686472
3.830000        27.825005076017653
3.840000        27.941245806926432
3.850000        28.05646324224641
3.860000        28.17266939523624
3.870000        28.28794448160526
3.880000        28.403031323977444
3.890000        28.518387271741076
3.900000        28.635212002416814
3.910000        28.750397642116816
3.920000        28.86579952140609
3.930000        28.9810005885099
3.940000        29.096448351328448
3.950000        29.21148150842314
3.960000        29.327042035019353
3.970000        29.442010670001977
3.980000        29.557556687855715
3.990000        29.673333342392255
4.000000        29.788750096339896
4.010000        29.925167444698396
4.020000        30.041375545977544
4.030000        30.15566755657671
4.040000        30.265642556802618
4.050000        30.381051338625618
4.060000        30.49634472684611
4.070000        30.61008319031928
4.080000        30.725136662891906
4.090000        30.836231893611817
4.100000        30.951664130960438
4.110000        31.065375851265465
4.120000        31.180480836736706
4.130000        31.29461618944
4.140000        31.406651521509403
4.150000        31.52151630895873
4.160000        31.63349659127622
4.170000        31.747489867044855
4.180000        31.86106721389916
4.190000        31.975496629955487
4.200000        32.090650183041234
4.210000        32.20511217536608
4.220000        32.31800599165527
4.230000        32.43192952709218
4.240000        32.545774213711375
4.250000        32.660049543645954
4.260000        32.77184230109072
4.270000        32.88549036156988
4.280000        32.99919088712735
4.290000        33.117293702507524
4.300000        33.231431174824586
4.310000        33.34572981959669
4.320000        33.4596875739956
4.330000        33.57741758596588
4.340000        33.688123628167034
4.350000        33.80123629926692
4.360000        33.91035728407064
4.370000        34.02172373516752
4.380000        34.13465051110933
4.390000        34.24632532275039
4.400000        34.3597633129901
4.410000        34.47298789025243
4.420000        34.58638931497724
4.430000        34.69939359813869
4.440000        34.80920403047858
4.450000        34.92096783486298
4.460000        35.034043106504136
4.470000        35.14683072271299
4.480000        35.25979340367965
4.490000        35.37204381666603
4.500000        35.48491778852804
4.510000        35.59768987461513
4.520000        35.7087979105728
4.530000        35.82182959170025
4.540000        35.93125953100702
4.550000        36.044322265723025
4.560000        36.15257744359895
4.570000        36.26550650127476
4.580000        36.377468971398585
4.590000        36.48991967339424
4.600000        36.60060729565737
4.610000        36.71338814743206
4.620000        36.82601066173347
4.630000        36.93847137705948
4.640000        37.05003074186015
4.650000        37.16233572053223
4.660000        37.27483053575978
4.670000        37.38720283972783
4.680000        37.499417180824466
4.690000        37.61156857525475
4.700000        37.72373367132191
4.710000        37.83590028831017
4.720000        37.94812451903783
4.730000        38.060197579933515
4.740000        38.17159364379932
4.750000        38.28322938602335
4.760000        38.39556170062336
4.770000        38.50737511075861
4.780000        38.61902317348937
4.790000        38.73016510485118
4.800000        38.84160623218985
4.810000        38.95272460912672
4.820000        39.064175113112654
4.830000        39.17571095195605
4.840000        39.287342504383446
4.850000        39.398762375103125
4.860000        39.509889536862275
4.870000        39.62117510459047
4.880000        39.73224739905015
4.890000        39.84347694503763
4.900000        39.95281436155262
4.910000        40.06413374115688
4.920000        40.17326177574937
4.930000        40.28440318240235
4.940000        40.396132365894495
4.950000        40.50710834033036
4.960000        40.61784684829682
4.970000        40.72893220332711
4.980000        40.839776890221934
4.990000        40.949664821648064
5.000000        41.06011102672142
5.010000        41.169967094534016
5.020000        41.28156563197952
5.030000        41.38954687425782
5.040000        41.499232993305014
5.050000        41.60984956672418
5.060000        41.71953973806768
5.070000        41.829447038573484
5.080000        41.942289789097245
5.090000        42.052643490163206
5.100000        42.162167569369196
5.110000        42.27167937683109
5.120000        42.38155002329057
5.130000        42.49134950495897
5.140000        42.60140208842615
5.150000        42.710826951354974
5.160000        42.82176369323862
5.170000        42.93162682899428
5.180000        43.04147323674389
5.190000        43.14891887460072
5.200000        43.25860482081292
5.210000        43.368291200598094
5.220000        43.47826379293082
5.230000        43.58750057473707
5.240000        43.697120249523266
5.250000        43.806622551262286
5.260000        43.915862218882985
5.270000        44.02453161769469
5.280000        44.13368631383631
5.290000        44.243137350135875
5.300000        44.35171311394344
5.310000        44.46074017878186
5.320000        44.56882396316279
5.330000        44.67637668451361
5.340000        44.785601423016864
5.350000        44.898504973664174
5.360000        45.00724039415732
5.370000        45.115501274956245
5.380000        45.2244684570668
5.390000        45.33316614215237
5.400000        45.4417105465694
5.410000        45.54923782219924
5.420000        45.658453857152345
5.430000        45.76702041419896
5.440000        45.873805103440205
5.450000        45.982046415690874
5.460000        46.09015162705243
5.470000        46.19727342829325
5.480000        46.30509837354058
5.490000        46.41336190888829
5.500000        46.52129790382704
5.510000        46.62969042604324
5.520000        46.73833670193542
5.530000        46.84629909912037
5.540000        46.95432760285601
5.550000        47.06202071913342
5.560000        47.17798313604118
5.570000        47.28550237216246
5.580000        47.39337513878482
5.590000        47.500864857233395
5.600000        47.60702865543359
5.610000        47.71413124370842
5.620000        47.81356593191701
5.630000        47.92072586213646
5.640000        48.0277654583111
5.650000        48.13518310228218
5.660000        48.24116667111625
5.670000        48.34842769115512
5.680000        48.45615878207573
5.690000        48.5629456236112
5.700000        48.670131165669524
5.710000        48.776969614922116
5.720000        48.8826669212541
5.730000        48.989397834667635
5.740000        49.095348190684284
5.750000        49.201776615243865
5.760000        49.30882629111225
5.770000        49.41512706403697
5.780000        49.52181185528451
5.790000        49.62910886501814
5.800000        49.735442437428496
5.810000        49.84137547719947
5.820000        49.9476131714391
5.830000        50.05428704346478
5.840000        50.160306812877614
5.850000        50.26514003985788
5.860000        50.37108124882728
5.870000        50.477597298493535
5.880000        50.58295200727741
5.890000        50.687208286191236
5.900000        50.792525547274536
5.910000        50.89846868868773
5.920000        51.00232588392747
5.930000        51.107976748379855
5.940000        51.213579376811055
5.950000        51.31874431988674
5.960000        51.42409389984894
5.970000        51.52901887818411
5.980000        51.635186941116885
5.990000        51.740096278461365
6.000000        51.84479791051303
6.010000        51.949334235119444
6.020000        52.054418028440196
6.030000        52.15953120352833
6.040000        52.26438774114728
6.050000        52.36740508971989
6.060000        52.47202409994946
6.070000        52.576574285409244
6.080000        52.68091141614298
6.090000        52.78357182527324
6.100000        52.887578107399904
6.110000        52.99264498525603
6.120000        53.096404927430385
6.130000        53.20119031132301
6.140000        53.30489535254393
6.150000        53.40981708418296
6.160000        53.51285112894613
6.170000        53.61654277243044
6.180000        53.72013792654205
6.190000        53.823906559368986
6.200000        53.92718749572648
6.210000        54.031439198468476
6.220000        54.134976361138484
6.230000        54.23851166099615
6.240000        54.341879402061736
6.250000        54.44576331139136
6.260000        54.54854192440931
6.270000        54.64965503738743
6.280000        54.75234509204145
6.290000        54.855867880749614
6.300000        54.958804317797515
6.310000        55.06172707747578
6.320000        55.16486819786216
6.330000        55.267896927403186
6.340000        55.368741191020135
6.350000        55.468817929090235
6.360000        55.57135445179276
6.370000        55.67473092405105
6.380000        55.77683496604389
6.390000        55.87999371799124
6.400000        55.98223212938656
6.410000        56.140633001150675
6.420000        56.24108345290817
6.430000        56.341041327453
6.440000        56.442119935391304
6.450000        56.544856992344464
6.460000        56.64607039903292
6.470000        56.753672682327604
6.480000        56.85485555494212
6.490000        56.95218768296466
6.500000        57.052801184366515
6.510000        57.144555459785494
6.520000        57.24486197572898
6.530000        57.34627388847419
6.540000        57.44653013691452
6.550000        57.54653429817159
6.560000        57.64708879453204
6.570000        57.74802219626629
6.580000        57.8482737465029
6.590000        57.94927007596564
6.600000        58.04828474986233
6.610000        58.14876128387408
6.620000        58.24364451646589
6.630000        58.343710994619
6.640000        58.44495667742082
6.650000        58.54479483971417
6.660000        58.646373314097744
6.670000        58.74577280340685
6.680000        58.84579800709953
6.690000        58.945151717245324
6.700000        59.04574788391672
