0.001000        0.0031166137849965025
0.002000        0.006257935151536387
0.003000        0.009389266071190505
0.004000        0.0125245800537499
0.005000        0.01565846267202531
0.006000        0.018793516065478855
0.007000        0.021928753931682365
0.008000        0.025064809725090953
0.009000        0.028201455612633097
0.010000        0.03133887671921087
0.011000        0.03447701127250724
0.012000        0.03761591858224378
0.013000        0.04075558038730165
0.014000        0.04389601700032664
0.015000        0.047037223203004075
0.016000        0.05017920690100652
0.017000        0.053321967452049535
0.018000        0.0564655090142292
0.019000        0.059609832940500596
0.020000        0.06275494251278602
0.021000        0.06590084017863695
0.022000        0.06904752925775348
0.023000        0.07219501289935515
0.024000        0.07534329469773482
0.025000        0.07849237827936584
0.026000        0.08164226751845582
0.027000        0.08479296636178191
0.028000        0.08794447889665058
0.029000        0.09109680926897568
0.030000        0.09424996169753719
0.031000        0.0974039404306879
0.032000        0.10055874974219314
0.033000        0.10371439390531023
0.034000        0.10687087718344124
0.035000        0.11002820381296452
0.036000        0.11318637799354292
0.037000        0.11634540387599301
0.038000        0.11950528555385631
0.039000        0.12266602705456542
0.040000        0.12582763233266547
0.041000        0.12899010526335175
0.042000        0.1321534496372916
0.043000        0.13531766915596322
0.044000        0.13848276742788812
0.045000        0.14164874796538918
0.046000        0.14481561418200606
0.047000        0.14798336939039736
0.048000        0.15115201680072765
0.049000        0.15432155951947912
0.050000        0.15749200054865042
0.051000        0.16066334278529126
0.052000        0.1638355890213532
0.053000        0.16700874194381043
0.054000        0.1701828041350293
0.055000        0.1733577780733615
0.056000        0.1765336661339223
0.057000        0.17971047058955492
0.058000        0.1828881936119391
0.059000        0.18606683727283624
0.060000        0.18924640354545552
0.061000        0.19242689430592286
0.062000        0.1956083113348388
0.063000        0.19879065631890747
0.064000        0.20197393085264714
0.065000        0.20515813644013647
0.066000        0.20834327449682277
0.067000        0.21152934635136056
0.068000        0.21471635324748206
0.069000        0.21790429634589437
0.070000        0.22109317672618367
0.071000        0.22428299538874263
0.072000        0.22747375325670305
0.073000        0.23066545117785786
0.074000        0.23385808992659918
0.075000        0.23705167020583495
0.076000        0.24024619264890745
0.077000        0.24344165782149219
0.078000        0.2466380662234915
0.079000        0.24983541829089795
0.080000        0.2530337143976542
0.081000        0.2562329548574773
0.082000        0.2594331399256724
0.083000        0.2626342698009214
0.084000        0.26583634462704
0.085000        0.26903936449471644
0.086000        0.27224332944321894
0.087000        0.27544823946208297
0.088000        0.2786540944927616
0.089000        0.2818608944302561
0.090000        0.2850686391247148
0.091000        0.2882773283830016
0.092000        0.29148696197024115
0.093000        0.2946975396113274
0.094000        0.29790906099241
0.095000        0.30112152576235296
0.096000        0.3043349335341574
0.097000        0.3075492838863614
0.098000        0.31076457636440935
0.099000        0.3139808104819952
0.100000        0.3171979857223768
0.101000        0.3204161015396636
0.102000        0.3236351573600711
0.103000        0.3268551525831622
0.104000        0.330076086583043
0.105000        0.3332979587095526
0.106000        0.33652076828940913
0.107000        0.3397445146273448
0.108000        0.34296919700720174
0.109000        0.3461948146930194
0.110000        0.3494213669300805
0.111000        0.35264885294594883
0.112000        0.3558772719514671
0.113000        0.35910662314174857
0.114000        0.3623369056971306
0.115000        0.36556811878411644
0.116000        0.368800261556288
0.117000        0.37203333315520126
0.118000        0.3752673327112568
0.119000        0.3785022593445486
0.120000        0.38173811216569575
0.121000        0.38497489027665033
0.122000        0.38821259277148457
0.123000        0.39145121873715816
0.124000        0.39469076725426966
0.125000        0.3979312373977777
0.126000        0.4011726282377168
0.127000        0.40441493883988144
0.128000        0.40765816826649726
0.129000        0.41090231557687495
0.130000        0.4141473798280373
0.131000        0.417393360075339
0.132000        0.4206402553730566
0.133000        0.4238880647749692
0.134000        0.4271367873349128
0.135000        0.4303864221073237
0.136000        0.43363696814776276
0.137000        0.4368884245134179
0.138000        0.440140790263591
0.139000        0.4433940644601648
0.140000        0.44664824616806165
0.141000        0.44990333445566755
0.142000        0.45315932839525885
0.143000        0.4564162270633929
0.144000        0.45967402954129355
0.145000        0.462932734915217
0.146000        0.46619234227679485
0.147000        0.46945285072336596
0.148000        0.4727142593582876
0.149000        0.4759765672912355
0.150000        0.47923977363847925
0.151000        0.4825038775231416
0.152000        0.4857688780754472
0.153000        0.48903477443295174
0.154000        0.49230156574075146
0.155000        0.49556925115167694
0.156000        0.49883782982647773
0.157000        0.502107300933984
0.158000        0.5053776636512524
0.159000        0.5086489171636988
0.160000        0.5119210606652214
0.161000        0.5151940933582964
0.162000        0.5184680144540739
0.163000        0.521742823172449
0.164000        0.5250185187421277
0.165000        0.5282951004006744
0.166000        0.5315725673945515
0.167000        0.534850918979151
0.168000        0.5381301544188108
0.169000        0.5414102729868215
0.170000        0.5446912739654319
0.171000        0.5479731566458472
0.172000        0.5512559203282184
0.173000        0.5545395643216278
0.174000        0.5578240879440841
0.175000        0.5611094905225009
0.176000        0.5643957713926948
0.177000        0.5676829298993749
0.178000        0.5709709653961532
0.179000        0.5742598772455505
0.180000        0.5775496648190295
0.181000        0.5808403274970377
0.182000        0.5841318646690699
0.183000        0.5874242757337544
0.184000        0.5907175600989785
0.185000        0.5940117171820276
0.186000        0.5973067464097799
0.187000        0.600602647218933
0.188000        0.6038994190562814
0.189000        0.6071970613790469
0.190000        0.6104955736552728
0.191000        0.6137949553642823
0.192000        0.6170952059972077
0.193000        0.6203963250576017
0.194000        0.6236983120621389
0.195000        0.6270011665414117
0.196000        0.6303048880408291
0.197000        0.6336094761216238
0.198000        0.6369149303619928
0.199000        0.6402212503583495
0.200000        0.6435284357267257
0.201000        0.6468364861043217
0.202000        0.6501454011511996
0.203000        0.6534551805521538
0.204000        0.6567658240187431
0.205000        0.6600773312915109
0.206000        0.663389702142382
0.207000        0.6667029363772663
0.208000        0.6700170338388443
0.209000        0.673331994409569
0.210000        0.6766478180148656
0.211000        0.679964504626545
0.212000        0.6832820542664155
0.213000        0.6866004670101038
0.214000        0.6899197429910728
0.215000        0.6932398824048303
0.216000        0.696560885513323
0.217000        0.6998827526494882
0.218000        0.7032054842219608
0.219000        0.7065290807199105
0.220000        0.7098535427179762
0.221000        0.7131788708812774
0.222000        0.7165050659704697
0.223000        0.7198321288467984
0.224000        0.7231600604771131
0.225000        0.7264888619387992
0.226000        0.729818534424572
0.227000        0.7331490792470792
0.228000        0.736480497843246
0.229000        0.739812791778327
0.230000        0.7431459627495638
0.231000        0.7464800125894087
0.232000        0.7498149432682428
0.233000        0.753150756896515
0.234000        0.7564874557262389
0.235000        0.7598250421517854
0.236000        0.7631635187099128
0.237000        0.7665028880789695
0.238000        0.7698431530772272
0.239000        0.7731843166603021
0.240000        0.7765263819176269
0.241000        0.7798693520679478
0.242000        0.7832132304538462
0.243000        0.7865580205352618
0.244000        0.7899037258820449
0.245000        0.7932503501655628
0.246000        0.7965978971493843
0.247000        0.7999463706791001
0.248000        0.8032957746713478
0.249000        0.8066461131021132
0.250000        0.8099973899943809
0.251000        0.8133496094052575
0.252000        0.8167027754126543
0.253000        0.8200568921016398
0.254000        0.8234119635506012
0.255000        0.8267679938173096
0.256000        0.8301249869250285
0.257000        0.8334829468487914
0.258000        0.8368418775019482
0.259000        0.840201782723117
0.260000        0.8435626662636437
0.261000        0.8469245317756631
0.262000        0.8502873828008592
0.263000        0.8536512227600195
0.264000        0.8570160549434327
0.265000        0.8603818825022085
0.266000        0.8637487084405535
0.267000        0.8671165356090551
0.268000        0.8704853666989827
0.269000        0.8738552042376302
0.270000        0.877226050584694
0.271000        0.8805979079296815
0.272000        0.8839707782903368
0.273000        0.8873446635120477
0.274000        0.8907195652682081
0.275000        0.8940954850614862
0.276000        0.8974724242259651
0.277000        0.9008503839300879
0.278000        0.9042293651803632
0.279000        0.9076093688257743
0.280000        0.9109903955628127
0.281000        0.91437244594111
0.282000        0.9177555203695622
0.283000        0.9211396191229273
0.284000        0.9245247423487974
0.285000        0.927910890074914
0.286000        0.9312980622167508
0.287000        0.9346862585853177
0.288000        0.9380754788951222
0.289000        0.94146572277225
0.290000        0.9448569897624992
0.291000        0.9482492793395423
0.292000        0.9516425909130586
0.293000        0.9550369238368006
0.294000        0.9584322774165663
0.295000        0.9618286509180365
0.296000        0.9652260435744466
0.297000        0.9686244545940745
0.298000        0.9720238831675125
0.299000        0.9754243284747091
0.300000        0.978825789691756
0.301000        0.9822282659974224
0.302000        0.9856317565793908
0.303000        0.9890362606402245
0.304000        0.9924417774030321
0.305000        0.9958483061168284
0.306000        0.9992558460616046
0.307000        1.0026643965530777
0.308000        1.0060739569471515
0.309000        1.009484526644064
0.310000        1.0128961050922403
0.311000        1.0163086917918562
0.312000        1.0197222862981086
0.313000        1.0231368882242045
0.314000        1.026552497244083
0.315000        1.0299691130948663
0.316000        1.0333867355790591
0.317000        1.0368053645665078
0.318000        1.0402249999961146
0.319000        1.0436456418773332
0.320000        1.0470672902914533
0.321000        1.0504899453926768
0.322000        1.0539136074090063
0.323000        1.0573382766429518
0.324000        1.0607639534720654
0.325000        1.0641906383493254
0.326000        1.0676183318033594
0.327000        1.0710470344385428
0.328000        1.0744767469349572
0.329000        1.0779074700482436
0.330000        1.0813392046093355
0.331000        1.084771951524102
0.332000        1.0882057117728952
0.333000        1.091640486410018
0.334000        1.0950762765631215
0.335000        1.0985130834325272
0.336000        1.101950908290501
0.337000        1.1053897524804697
0.338000        1.1088296174161894
0.339000        1.112270504580886
0.340000        1.1157124155263514
0.341000        1.1191553518720099
0.342000        1.122599315303976
0.343000        1.1260443075740785
0.344000        1.1294903304988768
0.345000        1.1329373859586713
0.346000        1.1363854758964944
0.347000        1.139834602317114
0.348000        1.1432847672860227
0.349000        1.1467359729284414
0.350000        1.1501882214283174
0.351000        1.1536415150273385
0.352000        1.1570958560239504
0.353000        1.1605512467723837
0.354000        1.1640076896817018
0.355000        1.1674651872148587
0.356000        1.1709237418877638
0.357000        1.1743833562683754
0.358000        1.1778440329758055
0.359000        1.1813057746794389
0.360000        1.1847685840980766
0.361000        1.1882324639990944
0.362000        1.1916974171976236
0.363000        1.1951634465557426
0.364000        1.1986305549816993
0.365000        1.2020987454291472
0.366000        1.205568020896397
0.367000        1.209038384425698
0.368000        1.2125098391025233
0.369000        1.21598238805489
0.370000        1.219456034452687
0.371000        1.2229307815070278
0.372000        1.2264066324696117
0.373000        1.2298835906321148
0.374000        1.2333616593255865
0.375000        1.2368408419198733
0.376000        1.2403211418230455
0.377000        1.243802562480857
0.378000        1.2472851073761984
0.379000        1.2507687800285847
0.380000        1.2542535839936466
0.381000        1.2577395228626358
0.382000        1.2612266002619474
0.383000        1.2647148198526477
0.384000        1.2682041853300223
0.385000        1.2716947004231294
0.386000        1.2751863688943637
0.387000        1.2786791945390377
0.388000        1.2821731811849642
0.389000        1.2856683326920528
0.390000        1.289164652951916
0.391000        1.2926621458874745
0.392000        1.2961608154525894
0.393000        1.2996606656316825
0.394000        1.3031617004393716
0.395000        1.3066639239201159
0.396000        1.3101673401478564
0.397000        1.3136719532256826
0.398000        1.3171777672854788
0.399000        1.3206847864875932
0.400000        1.3241930150205086
0.401000        1.3277024571005143
0.402000        1.3312131169713837
0.403000        1.334724998904056
0.404000        1.3382381071963216
0.405000        1.3417524461725083
0.406000        1.345268020183175
0.407000        1.3487848336048067
0.408000        1.352302890839507
0.409000        1.3558221963147012
0.410000        1.3593427544828351
0.411000        1.362864569821081
0.412000        1.366387646831038
0.413000        1.3699119900384424
0.414000        1.3734376039928744
0.415000        1.3769644932674705
0.416000        1.3804926624586304
0.417000        1.3840221161857293
0.418000        1.3875528590908335
0.419000        1.3910848958384143
0.420000        1.3946182311150572
0.421000        1.398152869629186
0.422000        1.401688816110772
0.423000        1.4052260753110541
0.424000        1.4087646520022563
0.425000        1.4123045509773036
0.426000        1.415845777049542
0.427000        1.4193883350524583
0.428000        1.4229322298393985
0.429000        1.4264774662832878
0.430000        1.4300240492763514
0.431000        1.4335719837298342
0.432000        1.437121274573725
0.433000        1.440671926756476
0.434000        1.4442239452447208
0.435000        1.447777335023007
0.436000        1.4513321010935076
0.437000        1.4548882484757524
0.438000        1.4584457822063506
0.439000        1.4620047073387141
0.440000        1.4655650289427804
0.441000        1.469126752104744
0.442000        1.472689881926776
0.443000        1.476254423526754
0.444000        1.4798203820379907
0.445000        1.483387762608963
0.446000        1.486956570403036
0.447000        1.4905268105981975
0.448000        1.4940984883867845
0.449000        1.4976716089752227
0.450000        1.501246177583747
0.451000        1.5048221994461457
0.452000        1.5083996798094859
0.453000        1.5119786239338584
0.454000        1.5155590370921068
0.455000        1.519140924569566
0.456000        1.5227242916638044
0.457000        1.5263091436843634
0.458000        1.5298954859524958
0.459000        1.5334833238009082
0.460000        1.5370726625735092
0.461000        1.5406635076251511
0.462000        1.5442558643213786
0.463000        1.5478497380381757
0.464000        1.5514451341617157
0.465000        1.5550420580881141
0.466000        1.5586405152231801
0.467000        1.562240510982173
0.468000        1.5658420507895556
0.469000        1.569445140078754
0.470000        1.5730497842919178
0.471000        1.576655988879681
0.472000        1.5802637593009248
0.473000        1.5838731010225438
0.474000        1.5874840195192164
0.475000        1.5910965202731653
0.476000        1.5947106087739389
0.477000        1.598326290518175
0.478000        1.601943571009386
0.479000        1.6055624557577257
0.480000        1.6091829502797754
0.481000        1.6128050600983261
0.482000        1.6164287907421553
0.483000        1.6200541477458206
0.484000        1.6236811366494397
0.485000        1.6273097629984896
0.486000        1.6309400323435899
0.487000        1.6345719502403053
0.488000        1.6382055222489367
0.489000        1.6418407539343232
0.490000        1.6454776508656437
0.491000        1.6491162186162178
0.492000        1.6527564627633176
0.493000        1.6563983888879683
0.494000        1.6600420025747677
0.495000        1.663687309411694
0.496000        1.667334314989919
0.497000        1.6709830249036361
0.498000        1.674633444749869
0.499000        1.6782855801282999
0.500000        1.6819394366410965
0.501000        1.6855950198927356
0.502000        1.6892523354898348
0.503000        1.692911389040983
0.504000        1.6965721861565815
0.505000        1.7002347324486689
0.506000        1.7038990335307762
0.507000        1.7075650950177508
0.508000        1.7112329225256193
0.509000        1.7149025216714193
0.510000        1.718573898073057
0.511000        1.7222470573491524
0.512000        1.7259220051188962
0.513000        1.7295987470019085
0.514000        1.7332772886180923
0.515000        1.7369576355874923
0.516000        1.7406397935301658
0.517000        1.7443237680660388
0.518000        1.7480095648147813
0.519000        1.7516971893956708
0.520000        1.7553866474274642
0.521000        1.7590779445282791
0.522000        1.7627710863154622
0.523000        1.76646607840547
0.524000        1.7701629264137466
0.525000        1.773861635954617
0.526000        1.7775622126411559
0.527000        1.7812646620850856
0.528000        1.7849689898966634
0.529000        1.7886752016845708
0.530000        1.7923833030558036
0.531000        1.796093299615574
0.532000        1.7998051969672026
0.533000        1.8035190007120168
0.534000        1.8072347164492548
0.535000        1.810952349775965
0.536000        1.8146719062869145
0.537000        1.818393391574494
0.538000        1.8221168112286232
0.539000        1.8258421708366672
0.540000        1.8295694759833445
0.541000        1.8332987322506415
0.542000        1.8370299452177274
0.543000        1.840763120460874
0.544000        1.8444982635533744
0.545000        1.8482353800654625
0.546000        1.8519744755642336
0.547000        1.8557155556135765
0.548000        1.8594586257740904
0.549000        1.8632036916030188
0.550000        1.866950758654177
0.551000        1.8706998324778805
0.552000        1.8744509186208802
0.553000        1.8782040226262957
0.554000        1.8819591500335502
0.555000        1.8857163063783098
0.556000        1.8894754971924197
0.557000        1.8932367280038438
0.558000        1.8970000043366078
0.559000        1.9007653317107422
0.560000        1.904532715642226
0.561000        1.9083021616429345
0.562000        1.912073675220583
0.563000        1.91584726187868
0.564000        1.9196229271164729
0.565000        1.9234006764289031
0.566000        1.9271805153065547
0.567000        1.9309624492356132
0.568000        1.9347464836978165
0.569000        1.938532624170417
0.570000        1.9423208761261321
0.571000        1.9461112450331104
0.572000        1.949903736354889
0.573000        1.9536983555503564
0.574000        1.9574951080737133
0.575000        1.961293999374437
0.576000        1.9650950348972511
0.577000        1.968898220082087
0.578000        1.9727035603640513
0.579000        1.9765110611733991
0.580000        1.9803207279354993
0.581000        1.9841325660708105
0.582000        1.9879465809948478
0.583000        1.9917627781181562
0.584000        1.9955811628462907
0.585000        1.9994017405797848
0.586000        2.0032245167141323
0.587000        2.007049496639757
0.588000        2.0108766857420015
0.589000        2.0147060894010966
0.590000        2.0185377129921473
0.591000        2.0223715618851124
0.592000        2.0262076414447865
0.593000        2.030045957030783
0.594000        2.0338865139975155
0.595000        2.037729317694188
0.596000        2.0415743734647744
0.597000        2.0454216866480124
0.598000        2.0492712625773812
0.599000        2.053123106581099
0.600000        2.0569772239821056
0.601000        2.0608336200980535
0.602000        2.0646923002412993
0.603000        2.0685532697188975
0.604000        2.072416533832584
0.605000        2.0762820978787815
0.606000        2.0801499671485786
0.607000        2.084020146927733
0.608000        2.0878926424966657
0.609000        2.09176745913045
0.610000        2.095644602098819
0.611000        2.0995240766661496
0.612000        2.103405888091464
0.613000        2.107290041628433
0.614000        2.1111765425253655
0.615000        2.1150653960252175
0.616000        2.118956607365579
0.617000        2.1228501817786807
0.618000        2.1267461244913974
0.619000        2.130644440725245
0.620000        2.1345451356963796
0.621000        2.138448214615602
0.622000        2.142353682688359
0.623000        2.1462615451147506
0.624000        2.1501718070895244
0.625000        2.1540844738020812
0.626000        2.157999550436484
0.627000        2.161917042171458
0.628000        2.1658369541803957
0.629000        2.1697592916313617
0.630000        2.1736840596870906
0.631000        2.177611263505005
0.632000        2.1815409082372152
0.633000        2.1854729990305195
0.634000        2.1894075410264158
0.635000        2.19334453936111
0.636000        2.1972839991655135
0.637000        2.2012259255652573
0.638000        2.2051703236806954
0.639000        2.209117198626915
0.640000        2.213066555513736
0.641000        2.2170183994457258
0.642000        2.220972735522203
0.643000        2.2249295688372452
0.644000        2.2288889044796942
0.645000        2.232850747533165
0.646000        2.236815103076058
0.647000        2.2407819761815535
0.648000        2.244751371917637
0.649000        2.2487232953470873
0.650000        2.2526977515274993
0.651000        2.256674745511285
0.652000        2.2606542823456817
0.653000        2.2646363670727574
0.654000        2.2686210047294235
0.655000        2.272608200347433
0.656000        2.276597958953399
0.657000        2.280590285568792
0.658000        2.284585185209954
0.659000        2.288582662888098
0.660000        2.292582723609323
0.661000        2.296585372374615
0.662000        2.3005906141798533
0.663000        2.3045984540158226
0.664000        2.3086088968682095
0.665000        2.3126219477176164
0.666000        2.316637611539564
0.667000        2.3206558933045027
0.668000        2.3246767979778067
0.669000        2.3287003305197853
0.670000        2.3327264958856926
0.671000        2.336755299025727
0.672000        2.3407867448850315
0.673000        2.344820838403706
0.674000        2.348857584516809
0.675000        2.3528969881543578
0.676000        2.3569390542413338
0.677000        2.3609837876976894
0.678000        2.3650311934383446
0.679000        2.3690812763731923
0.680000        2.373134041407104
0.681000        2.377189493439925
0.682000        2.3812476373664833
0.683000        2.3853084780765847
0.684000        2.3893720204550153
0.685000        2.3934382693815444
0.686000        2.397507229730925
0.687000        2.4015789063728903
0.688000        2.4056533041721533
0.689000        2.4097304279884124
0.690000        2.413810282676341
0.691000        2.4178928730855933
0.692000        2.4219782040607996
0.693000        2.4260662804415656
0.694000        2.4301571070624632
0.695000        2.4342506887530373
0.696000        2.4383470303377965
0.697000        2.4424461366362102
0.698000        2.446548012462703
0.699000        2.450652662626652
0.700000        2.454760091932382
0.701000        2.4588703051791576
0.702000        2.4629833071611813
0.703000        2.467099102667584
0.704000        2.4712176964824177
0.705000        2.4753390933846493
0.706000        2.479463298148154
0.707000        2.483590315541708
0.708000        2.4877201503289754
0.709000        2.491852807268504
0.710000        2.495988291113715
0.711000        2.5001266066128913
0.712000        2.504267758509167
0.713000        2.508411751540523
0.714000        2.5125585904397667
0.715000        2.5167082799345266
0.716000        2.52086082474724
0.717000        2.5250162295951384
0.718000        2.5291744991902334
0.719000        2.5333356382393077
0.720000        2.5374996514439
0.721000        2.5416665435002894
0.722000        2.5458363190994806
0.723000        2.550008982927192
0.724000        2.5541845396638383
0.725000        2.5583629939845096
0.726000        2.5625443505589676
0.727000        2.566728614051616
0.728000        2.570915789121493
0.729000        2.575105880422246
0.730000        2.579298892602118
0.731000        2.5834948303039305
0.732000        2.5876936981650633
0.733000        2.591895500817433
0.734000        2.5961002428874753
0.735000        2.6003079289961306
0.736000        2.604518563758811
0.737000        2.608732151785391
0.738000        2.612948697680185
0.739000        2.617168206041921
0.740000        2.621390681463719
0.741000        2.625616128533075
0.742000        2.6298445518318356
0.743000        2.634075955936172
0.744000        2.6383103454165617
0.745000        2.6425477248377582
0.746000        2.6467880987587815
0.747000        2.6510314717328747
0.748000        2.6552778483074952
0.749000        2.6595272330242796
0.750000        2.663779630419027
0.751000        2.6680350450216697
0.752000        2.672293481356247
0.753000        2.6765549439408822
0.754000        2.680819437287754
0.755000        2.6850869659030696
0.756000        2.6893575342870406
0.757000        2.693631146933857
0.758000        2.69790780833166
0.759000        2.7021875229625074
0.760000        2.706470295302358
0.761000        2.710756129821034
0.762000        2.7150450309822016
0.763000        2.7193370032433375
0.764000        2.7236320510557004
0.765000        2.7279301788643053
0.766000        2.7322313911078986
0.767000        2.736535692218922
0.768000        2.7408430866234887
0.769000        2.745153578741352
0.770000        2.7494671729858773
0.771000        2.753783873764018
0.772000        2.7581036854762786
0.773000        2.762426612516691
0.774000        2.7667526592727825
0.775000        2.771081830125551
0.776000        2.775414129449427
0.777000        2.779749561612256
0.778000        2.784088130975263
0.779000        2.78842984189302
0.780000        2.7927746987134245
0.781000        2.7971227057776638
0.782000        2.8014738674201904
0.783000        2.8058281879686913
0.784000        2.8101856717440583
0.785000        2.8145463230603607
0.786000        2.818910146224816
0.787000        2.8232771455377605
0.788000        2.82764732529262
0.789000        2.8320206897758844
0.790000        2.836397243267074
0.791000        2.8407769900387194
0.792000        2.8451599343563263
0.793000        2.8495460804783512
0.794000        2.853935432656174
0.795000        2.8583279951340685
0.796000        2.8627237721491774
0.797000        2.867122767931484
0.798000        2.8715249867037844
0.799000        2.8759304326816633
0.800000        2.8803391100734697
0.801000        2.8847510230802857
0.802000        2.8891661758959035
0.803000        2.8935845727068035
0.804000        2.8980062176921226
0.805000        2.902431115023635
0.806000        2.906859268865725
0.807000        2.9112906833753662
0.808000        2.915725362702096
0.809000        2.920163310987988
0.810000        2.92460453236764
0.811000        2.9290490309681427
0.812000        2.933496810909057
0.813000        2.9379478763024025
0.814000        2.9424022312526272
0.815000        2.9468598798565893
0.816000        2.9513208262035366
0.817000        2.9557850743750897
0.818000        2.9602526284452217
0.819000        2.9647234924802373
0.820000        2.9691976705387546
0.821000        2.973675166671695
0.822000        2.9781559849222567
0.823000        2.982640129325903
0.824000        2.987127603910343
0.825000        2.9916184126955265
0.826000        2.9961125596936142
0.827000        3.0006100489089746
0.828000        3.0051108843381673
0.829000        3.009615069969925
0.830000        3.014122609785156
0.831000        3.0186335077569133
0.832000        3.0231477678504
0.833000        3.02766539402295
0.834000        3.032186390224018
0.835000        3.036710760395179
0.836000        3.0412385084701103
0.837000        3.0457696383745887
0.838000        3.0503041540264846
0.839000        3.0548420593357566
0.840000        3.059383358204439
0.841000        3.0639280545266487
0.842000        3.0684761521885697
0.843000        3.0730276550684597
0.844000        3.0775825670366412
0.845000        3.0821408919555076
0.846000        3.0867026336795114
0.847000        3.0912677960551704
0.848000        3.0958363829210747
0.849000        3.100408398107877
0.850000        3.104983845438305
0.851000        3.1095627287271537
0.852000        3.1141450517813034
0.853000        3.118730818399712
0.854000        3.123320032373428
0.855000        3.1279126974855966
0.856000        3.132508817511466
0.857000        3.1371083962183928
0.858000        3.14171143736586
0.859000        3.1463179447054763
0.860000        3.150927921980996
0.861000        3.1555413729283277
0.862000        3.1601583012755423
0.863000        3.1647787107428957
0.864000        3.169402605042835
0.865000        3.1740299878800204
0.866000        3.1786608629513395
0.867000        3.1832952339459215
0.868000        3.1879331045451575
0.869000        3.192574478422726
0.870000        3.197219359244599
0.871000        3.201867750669072
0.872000        3.206519656346787
0.873000        3.2111750799207517
0.874000        3.2158340250263624
0.875000        3.2204964952914352
0.876000        3.225162494336219
0.877000        3.229832025773433
0.878000        3.2345050932082913
0.879000        3.2391817002385253
0.880000        3.2438618504544188
0.881000        3.248545547438841
0.882000        3.253232794767266
0.883000        3.2579235960078154
0.884000        3.262617954721284
0.885000        3.267315874461179
0.886000        3.272017358773752
0.887000        3.276722411198028
0.888000        3.2814310352658573
0.889000        3.2861432345019352
0.890000        3.290859012423848
0.891000        3.295578372542117
0.892000        3.300301318360228
0.893000        3.30502785337468
0.894000        3.3097579810750197
0.895000        3.3144917049438902
0.896000        3.3192290284570714
0.897000        3.32396995508352
0.898000        3.3287144882854225
0.899000        3.3334626315182394
0.900000        3.3382143882307407
0.901000        3.342969761865067
0.902000        3.3477287558567728
0.903000        3.352491373634871
0.904000        3.3572576186218885
0.905000        3.3620274942339154
0.906000        3.3668010038806546
0.907000        3.3715781509654725
0.908000        3.3763589388854527
0.909000        3.3811433710314542
0.910000        3.38593145078816
0.911000        3.390723181534131
0.912000        3.3955185666418704
0.913000        3.4003176094778684
0.914000        3.4051203134026657
0.915000        3.4099266817709157
0.916000        3.4147367179314276
0.917000        3.4195504252272446
0.918000        3.424367806995688
0.919000        3.4291888665684276
0.920000        3.4340136072715364
0.921000        3.438842032425555
0.922000        3.443674145345552
0.923000        3.4485099493411866
0.924000        3.453349447716775
0.925000        3.4581926437713513
0.926000        3.4630395407987287
0.927000        3.4678901420875707
0.928000        3.472744450921457
0.929000        3.477602470578937
0.930000        3.482464204333615
0.931000        3.487329655454195
0.932000        3.49219882720457
0.933000        3.497071722843872
0.934000        3.5019483456265483
0.935000        3.5068286988024315
0.936000        3.5117127856167976
0.937000        3.5166006093104514
0.938000        3.5214921731197837
0.939000        3.526387480276842
0.940000        3.531286534009407
0.941000        3.536189337541053
0.942000        3.54109589409123
0.943000        3.546006206875326
0.944000        3.5509202791047425
0.945000        3.5558381139869617
0.946000        3.5607597147256236
0.947000        3.5656850845205934
0.948000        3.57061422656804
0.949000        3.5755471440604953
0.950000        3.580483840186938
0.951000        3.5854243181328584
0.952000        3.590368581080339
0.953000        3.5953166322081227
0.954000        3.600268474691683
0.955000        3.6052241117032953
0.956000        3.61018354641212
0.957000        3.6151467819842633
0.958000        3.6201138215828568
0.959000        3.6250846683681264
0.960000        3.6300593254974682
0.961000        3.63503779612552
0.962000        3.640020083404229
0.963000        3.6450061904829347
0.964000        3.6499961205084297
0.965000        3.6549898766250415
0.966000        3.659987461974696
0.967000        3.664988879696992
0.968000        3.669994132929279
0.969000        3.6750032248067193
0.970000        3.680016158462367
0.971000        3.6850329370272377
0.972000        3.6900535636303697
0.973000        3.695078041398906
0.974000        3.7001063734581656
0.975000        3.7051385629316975
0.976000        3.710174612941369
0.977000        3.715214526607424
0.978000        3.7202583070485566
0.979000        3.7253059573819733
0.980000        3.7303574807234714
0.981000        3.735412880187498
0.982000        3.7404721588872185
0.983000        3.7455353199345875
0.984000        3.750602366440413
0.985000        3.755673301514417
0.986000        3.7607481282653143
0.987000        3.7658268498008614
0.988000        3.7709094692279344
0.989000        3.775995989652584
0.990000        3.7810864141801
0.991000        3.7861807459150825
0.992000        3.7912789879614923
0.993000        3.7963811434227175
0.994000        3.8014872154016377
0.995000        3.8065972070006815
0.996000        3.811711121321883
0.997000        3.8168289614669497
0.998000        3.821950730537308
0.999000        3.827076431634177
1.000000        3.8322060678586123
1.001000        3.8373396423115658
1.002000        3.842477158093944
1.003000        3.84761861830666
1.004000        3.852764026050691
1.005000        3.857913384427132
1.006000        3.8630666965372438
1.007000        3.868223965482507
1.008000        3.8733851943646744
1.009000        3.8785503862858217
1.010000        3.883719544348395
1.011000        3.8888926716552543
1.012000        3.8940697713097343
1.013000        3.8992508464156828
1.014000        3.904435900077507
1.015000        3.9096249354002186
1.016000        3.9148179554894806
1.017000        3.920014963451651
1.018000        3.9252159623938194
1.019000        3.930420955423857
1.020000        3.9356299456504473
1.021000        3.94084293618314
1.022000        3.946059930132373
1.023000        3.9512809306095242
1.024000        3.956505940726938
1.025000        3.9617349635979693
1.026000        3.9669680023370137
1.027000        3.9722050600595438
1.028000        3.9774461398821384
1.029000        3.982691244922515
1.030000        3.9879403782995677
1.031000        3.993193543133387
1.032000        3.998450742545293
1.033000        4.003711979657865
1.034000        4.008977257594962
1.035000        4.014246579481759
1.036000        4.01951994844476
1.037000        4.024797367611825
1.038000        4.030078840112198
1.039000        4.035364369076518
1.040000        4.040653957636849
1.041000        4.045947608926687
1.042000        4.051245326080998
1.043000        4.056547112236212
1.044000        4.061852970530246
1.045000        4.067162904102531
1.046000        4.072476916094004
1.047000        4.077795009647135
1.048000        4.083117187905934
1.049000        4.088443454015962
1.050000        4.093773811124333
1.051000        4.099108262379728
1.052000        4.1044468109324
1.053000        4.1097894599341735
1.054000        4.115136212538456
1.055000        4.1204870719002376
1.056000        4.125842041176087
1.057000        4.131201123524157
1.058000        4.136564322104183
1.059000        4.141931640077475
1.060000        4.147303080606923
1.061000        4.152678646856982
1.062000        4.158058341993669
1.063000        4.163442169184563
1.064000        4.168830131598778
1.065000        4.174222232406974
1.066000        4.179618474781327
1.067000        4.18501886189553
1.068000        4.190423396924771
1.069000        4.195832083045715
1.070000        4.201244923436496
1.071000        4.206661921276691
1.072000        4.2120830797473
1.073000        4.217508402030731
1.074000        4.2229378913107745
1.075000        4.228371550772575
1.076000        4.233809383602617
1.077000        4.239251392988686
1.078000        4.244697582119846
1.079000        4.25014795418641
1.080000        4.255602512379909
1.081000        4.261061259893063
1.082000        4.266524199919736
1.083000        4.271991335654919
1.084000        4.277462670294668
1.085000        4.282938207036095
1.086000        4.2884179490773064
1.087000        4.293901899617373
1.088000        4.299390061856277
1.089000        4.304882438994884
1.090000        4.310379034234877
1.091000        4.315879850778735
1.092000        4.321384891829654
1.093000        4.326894160591523
1.094000        4.332407660268856
1.095000        4.337925394066746
1.096000        4.343447365190807
1.097000        4.348973576847124
1.098000        4.354504032242181
1.099000        4.360038734582815
1.100000        4.3655776870761525
1.101000        4.371120892929538
1.102000        4.376668355350478
1.103000        4.3822200775465685
1.104000        4.38777606272544
1.105000        4.393336314094665
1.106000        4.398900834861713
1.107000        4.40446962823386
1.108000        4.41004269741812
1.109000        4.415620045621161
1.110000        4.421201676049241
1.111000        4.426787591908123
1.112000        4.432377796402987
1.113000        4.437972292738351
1.114000        4.443571084117988
1.115000        4.449174173744838
1.116000        4.454781564820916
1.117000        4.460393260547232
1.118000        4.466009264123683
1.119000        4.471629578748967
1.120000        4.477254207620495
1.121000        4.482883153934283
1.122000        4.488516420884851
1.123000        4.494154011665129
1.124000        4.499795929466352
1.125000        4.505442177477949
1.126000        4.511092758887443
1.127000        4.516747676880335
1.128000        4.522406934640006
1.129000        4.528070535347581
1.130000        4.533738482181841
1.131000        4.539410778319079
1.132000        4.545087426933009
1.133000        4.5507684311946175
1.134000        4.556453794272063
1.135000        4.562143519330537
1.136000        4.567837609532141
1.137000        4.573536068035761
1.138000        4.579238897996925
1.139000        4.584946102567686
1.140000        4.590657684896474
1.141000        4.59637364812796
1.142000        4.602093995402921
1.143000        4.607818729858094
1.144000        4.613547854626033
1.145000        4.619281372834962
1.146000        4.625019287608627
1.147000        4.630761602066148
1.148000        4.636508319321861
1.149000        4.642259442485164
1.150000        4.648014974660365
1.151000        4.653774918946512
1.152000        4.659539278437238
1.153000        4.6653080562205975
1.154000        4.671081255378899
1.155000        4.676858878988529
1.156000        4.682640930119788
1.157000        4.688427411836722
1.158000        4.694218327196925
1.159000        4.70001367925139
1.160000        4.705813471044303
1.161000        4.71161770561287
1.162000        4.717426385987135
1.163000        4.723239515189789
1.164000        4.7290570962359695
1.165000        4.7348791321330825
1.166000        4.740705625880599
1.167000        4.746536580469858
1.168000        4.752371998883865
1.169000        4.758211884097092
1.170000        4.764056239075266
1.171000        4.7699050667751735
1.172000        4.77575837014443
1.173000        4.781616152121284
1.174000        4.787478415634396
1.175000        4.793345163602616
1.176000        4.799216398934769
1.177000        4.805092124529423
1.178000        4.810972343274672
1.179000        4.816857058047901
1.180000        4.822746271715561
1.181000        4.828639987132922
1.182000        4.8345382071438525
1.183000        4.84044093458057
1.184000        4.8463481722634025
1.185000        4.852259923000542
1.186000        4.858176189587802
1.187000        4.8640969748083585
1.188000        4.8700222814325045
1.189000        4.875952112217394
1.190000        4.881886469906783
1.191000        4.887825357230772
1.192000        4.893768776905535
1.193000        4.899716731633061
1.194000        4.9056692241008815
1.195000        4.911626256981801
1.196000        4.917587832933624
1.197000        4.923553954598873
1.198000        4.929524624604515
1.199000        4.935499845561681
1.200000        4.941479620065376
1.201000        4.947463950694189
1.202000        4.953452840010016
1.203000        4.959446290557754
1.204000        4.965444304865015
1.205000        4.971446885441818
1.206000        4.977454034780303
1.207000        4.983465755354418
1.208000        4.9894820496196175
1.209000        4.9955029200125445
1.210000        5.001528368950735
1.211000        5.007558398832295
1.212000        5.013593012035589
1.213000        5.019632210918921
1.214000        5.02567599782021
1.215000        5.031724375056676
1.216000        5.037777344924498
1.217000        5.043834909698509
1.218000        5.049897071631841
1.219000        5.055963832955614
1.220000        5.0620351958785825
1.221000        5.068111162586813
1.222000        5.074191735243334
1.223000        5.080276915987799
1.224000        5.08636670693614
1.225000        5.092461110180222
1.226000        5.098560127787499
1.227000        5.104663761800655
1.228000        5.110772014237256
1.229000        5.116884887089391
1.230000        5.123002382323326
1.231000        5.129124501879135
1.232000        5.135251247670336
1.233000        5.141382621583542
1.234000        5.147518625478087
1.235000        5.153659261185663
1.236000        5.159804530509943
1.237000        5.165954435226233
1.238000        5.172108977081082
1.239000        5.178268157791912
1.240000        5.184431979046648
1.241000        5.1906004425033405
1.242000        5.196773549789789
1.243000        5.20295130250317
1.244000        5.209133702209643
1.245000        5.215320750443977
1.246000        5.221512448709177
1.247000        5.2277087984760815
1.248000        5.233909801183001
1.249000        5.240115458235316
1.250000        5.2463257710051
1.251000        5.252540740830723
1.252000        5.258760369016484
1.253000        5.264984656832199
1.254000        5.271213605512832
1.255000        5.2774472162580945
1.256000        5.283685490232061
1.257000        5.28992842856278
1.258000        5.296176032341883
1.259000        5.30242830262419
1.260000        5.30868524042733
1.261000        5.314946846731349
1.262000        5.321213122478312
1.263000        5.327484068571918
1.264000        5.333759685877121
1.265000        5.340039975219726
1.266000        5.3463249373860116
1.267000        5.352614573122338
1.268000        5.358908883134768
1.269000        5.365207868088671
1.270000        5.371511528608348
1.271000        5.377819865276649
1.272000        5.3841328786345795
1.273000        5.390450569180931
1.274000        5.396772937371898
1.275000        5.403099983620702
1.276000        5.40943170829722
1.277000        5.415768111727596
1.278000        5.42210919419389
1.279000        5.42845495593369
1.280000        5.434805397139751
1.281000        5.441160517959634
1.282000        5.447520318495336
1.283000        5.453884798802942
1.284000        5.460253958892247
1.285000        5.466627798726428
1.286000        5.473006318221664
1.287000        5.47938951724681
1.288000        5.485777395623046
1.289000        5.492169953123522
1.290000        5.498567189473045
1.291000        5.504969104347719
1.292000        5.51137569737463
1.293000        5.517786968131521
1.294000        5.524202916146455
1.295000        5.530623540897514
1.296000        5.5370488418124655
1.297000        5.543478818268479
1.298000        5.549913469591798
1.299000        5.55635279505745
1.300000        5.562796793888957
1.301000        5.569245465258033
1.302000        5.575698808284315
1.303000        5.582156822035071
1.304000        5.588619505524935
1.305000        5.595086857715641
1.306000        5.60155887751575
1.307000        5.60803556378041
1.308000        5.614516915311089
1.309000        5.621002930855356
1.310000        5.627493609106622
1.311000        5.633988948703923
1.312000        5.64048894823169
1.313000        5.6469936062195405
1.314000        5.653502921142062
1.315000        5.660016891418623
1.316000        5.6665355154131625
1.317000        5.673058791434018
1.318000        5.679586717733734
1.319000        5.686119292508904
1.320000        5.692656513899999
1.321000        5.699198379991213
1.322000        5.705744888810319
1.323000        5.7122960383285335
1.324000        5.71885182646038
1.325000        5.725412251063579
1.326000        5.731977309938925
1.327000        5.73854700083019
1.328000        5.745121321424028
1.329000        5.751700269349897
1.330000        5.758283842179969
1.331000        5.764872037429081
1.332000        5.771464852554676
1.333000        5.778062284956745
1.334000        5.78466433197781
1.335000        5.791270990902877
1.336000        5.797882258959444
1.337000        5.80449813331748
1.338000        5.8111186110894355
1.339000        5.817743689330253
1.340000        5.824373365037397
1.341000        5.8310076351509075
1.342000        5.837646496553411
1.343000        5.844289946070219
1.344000        5.850937980469377
1.345000        5.857590596461749
1.346000        5.864247790701114
1.347000        5.870909559784266
1.348000        5.87757590025114
1.349000        5.88424680858493
1.350000        5.890922281212227
1.351000        5.897602314503178
1.352000        5.904286904771645
1.353000        5.9109760482753835
1.354000        5.917669741216221
1.355000        5.924367979740266
1.356000        5.9310707599381125
1.357000        5.937778077845076
1.358000        5.944489929441406
1.359000        5.951206310652561
1.360000        5.957927217349448
1.361000        5.964652645348709
1.362000        5.971382590413004
1.363000        5.978117048251301
1.364000        5.984856014519201
1.365000        5.991599484819254
1.366000        5.9983474547012925
1.367000        6.005099919662786
1.368000        6.011856875149206
1.369000        6.018618316554381
1.370000        6.025384239220916
1.371000        6.03215463844057
1.372000        6.038929509454665
1.373000        6.045708847454534
1.374000        6.052492647581939
1.375000        6.05928090492953
1.376000        6.066073614541317
1.377000        6.0728707714131325
1.378000        6.079672370493125
1.379000        6.0864784066822715
1.380000        6.093288874834894
1.381000        6.1001037697591585
1.382000        6.106923086217655
1.383000        6.113746818927922
1.384000        6.120574962563026
1.385000        6.127407511752136
1.386000        6.134244461081121
1.387000        6.141085805093141
1.388000        6.147931538289271
1.389000        6.154781655129124
1.390000        6.161636150031498
1.391000        6.168495017375026
1.392000        6.175358251498839
1.393000        6.18222584670324
1.394000        6.189097797250394
1.395000        6.195974097365035
1.396000        6.202854741235168
1.397000        6.209739723012802
1.398000        6.216629036814677
1.399000        6.2235226767230145
1.400000        6.230420636786281
1.401000        6.237322911019945
1.402000        6.244229493407268
1.403000        6.2511403779001
1.404000        6.258055558419656
1.405000        6.264975028857368
1.406000        6.271898783075674
1.407000        6.278826814908875
1.408000        6.28575911816397
1.409000        6.2926956866215065
1.410000        6.299636514036461
1.411000        6.306581594139097
1.412000        6.313530920635856
1.413000        6.320484487210258
1.414000        6.327442287523798
1.415000        6.334404315216858
1.416000        6.3413705639096385
1.417000        6.34834102720308
1.418000        6.355315698679799
1.419000        6.362294571905064
1.420000        6.369277640427711
1.421000        6.376264897781152
1.422000        6.383256337484308
1.423000        6.390251953042625
1.424000        6.397251737949048
1.425000        6.404255685685012
1.426000        6.411263789721456
1.427000        6.4182760435198425
1.428000        6.425292440533148
1.429000        6.432312974206923
1.430000        6.439337637980298
1.431000        6.446366425287039
1.432000        6.453399329556582
1.433000        6.460436344215086
1.434000        6.4674774626864995
1.435000        6.474522678393601
1.436000        6.481571984759103
1.437000        6.488625375206688
1.438000        6.495682843162104
1.439000        6.5027443820542565
1.440000        6.509809985316277
1.441000        6.516879646386631
1.442000        6.523953358710202
1.443000        6.53103111573941
1.444000        6.5381129109353004
1.445000        6.545198737768665
1.446000        6.55228858972113
1.447000        6.5593824602863045
1.448000        6.5664803429708805
1.449000        6.573582231295749
1.450000        6.580688118797138
1.451000        6.587797999027725
1.452000        6.594911865557773
1.453000        6.602029711976268
1.454000        6.609151531892028
1.455000        6.616277318934866
1.456000        6.623407066756702
1.457000        6.630540769032713
1.458000        6.637678419462471
1.459000        6.644820011771078
1.460000        6.6519655397102895
1.461000        6.659114997059689
1.462000        6.666268377627798
1.463000        6.673425675253224
1.464000        6.680586883805809
1.465000        6.687751997187764
1.466000        6.694921009334809
1.467000        6.702093914217301
1.468000        6.709270705841394
1.469000        6.716451378250152
1.470000        6.723635925524704
1.471000        6.7308243417853575
1.472000        6.7380166211927595
1.473000        6.745212757948995
1.474000        6.752412746298749
1.475000        6.759616580530395
1.476000        6.766824254977163
1.477000        6.77403576401823
1.478000        6.78125110207985
1.479000        6.788470263636466
1.480000        6.79569324321184
1.481000        6.802920035380147
1.482000        6.810150634767098
1.483000        6.8173850360510215
1.484000        6.824623233963987
1.485000        6.831865223292898
1.486000        6.839110998880578
1.487000        6.84636055562687
1.488000        6.853613888489715
1.489000        6.86087099248623
1.490000        6.868131862693801
1.491000        6.875396494251149
1.492000        6.882664882359386
1.493000        6.889937022283089
1.494000        6.897212909351371
1.495000        6.904492538958905
1.496000        6.911775906567009
1.497000        6.919063007704651
1.498000        6.926353837969529
1.499000        6.93364839302906
1.500000        6.940946668621443
1.501000        6.948248660556665
1.502000        6.955554364717521
1.503000        6.962863777060619
1.504000        6.970176893617392
1.505000        6.9774937104950965
1.506000        6.9848142238777875
1.507000        6.992138430027332
1.508000        6.999466325284363
1.509000        7.0067979060692736
1.510000        7.014133168883173
1.511000        7.021472110308839
1.512000        7.028814727011703
1.513000        7.036161015740749
1.514000        7.043510973329493
1.515000        7.050864596696904
1.516000        7.058221882848326
1.517000        7.065582828876398
1.518000        7.072947431961971
1.519000        7.080315689375016
1.520000        7.087687598475508
1.521000        7.095063156714321
1.522000        7.102442361634125
1.523000        7.109825210870248
1.524000        7.117211702151543
1.525000        7.124601833301259
1.526000        7.1319956022378825
1.527000        7.13939300697599
1.528000        7.146794045627068
1.529000        7.154198716400387
1.530000        7.161607017603771
1.531000        7.169018947644442
1.532000        7.1764345050298175
1.533000        7.183853688368302
1.534000        7.19127649637009
1.535000        7.198702927847943
1.536000        7.206132981717946
1.537000        7.2135666570003
1.538000        7.2210039528200625
1.539000        7.228444868407898
1.540000        7.2358894031008205
1.541000        7.243337556342915
1.542000        7.250789327686075
1.543000        7.258244716790713
1.544000        7.265703723426455
1.545000        7.273166347472852
1.546000        7.280632588920053
1.547000        7.288102447869509
1.548000        7.295575924534607
1.549000        7.303053019241368
1.550000        7.310533732429075
1.551000        7.318018064650921
1.552000        7.325506016574668
1.553000        7.332997588983218
1.554000        7.340492782775293
1.555000        7.3479915989659865
1.556000        7.3554940386874
1.557000        7.363000103189211
1.558000        7.370509793839254
1.559000        7.378023112124094
1.560000        7.385540059649578
1.561000        7.393060638141392
1.562000        7.4005848494456
1.563000        7.408112695529162
1.564000        7.415644178480466
1.565000        7.423179300509837
1.566000        7.430718063950032
1.567000        7.438260471256729
1.568000        7.445806525009008
1.569000        7.4533562279098255
1.570000        7.460909582786449
1.571000        7.468466592590946
1.572000        7.476027260400578
1.573000        7.483591589418246
1.574000        7.491159582972919
1.575000        7.4987312445200125
1.576000        7.506306577641801
1.577000        7.513885586047785
1.578000        7.521468273575078
1.579000        7.529054644188751
1.580000        7.5366447019821905
1.581000        7.544238451177431
1.582000        7.551835896125482
1.583000        7.559437041306637
1.584000        7.567041891330771
1.585000        7.574650450937643
1.586000        7.582262724997161
1.587000        7.589878718509642
1.588000        7.597498436606077
1.589000        7.605121884548364
1.590000        7.612749067729528
1.591000        7.620379991673946
1.592000        7.62801466203754
1.593000        7.635653084607956
1.594000        7.643295265304754
1.595000        7.650941210179564
1.596000        7.658590925416224
1.597000        7.666244417330919
1.598000        7.673901692372304
1.599000        7.681562757121597
1.600000        7.6892276182926835
1.601000        7.696896282732187
1.602000        7.704568757419523
1.603000        7.712245049466961
1.604000        7.719925166119641
1.605000        7.727609114755602
1.606000        7.7352969028857785
1.607000        7.742988538153991
1.608000        7.75068402833692
1.609000        7.758383381344046
1.610000        7.766086605217609
1.611000        7.773793708132516
1.612000        7.781504698396262
1.613000        7.7892195844488015
1.614000        7.7969383748624566
1.615000        7.804661078341738
1.616000        7.812387703723214
1.617000        7.82011825997532
1.618000        7.827852756198176
1.619000        7.835591201623359
1.620000        7.843333605613697
1.621000        7.851079977663019
1.622000        7.858830327395879
1.623000        7.866584664567295
1.624000        7.874342999062435
1.625000        7.8821053408963095
1.626000        7.88987170021344
1.627000        7.897642087287501
1.628000        7.905416512520937
1.629000        7.913194986444598
1.630000        7.920977519717308
1.631000        7.928764123125465
1.632000        7.9365548075825565
1.633000        7.944349584128734
1.634000        7.9521484639303
1.635000        7.959951458279214
1.636000        7.967758578592576
1.637000        7.975569836412088
1.638000        7.983385243403468
1.639000        7.9912048113558924
1.640000        7.9990285521814
1.641000        8.00685647791424
1.642000        8.014688600710283
1.643000        8.022524932846313
1.644000        8.030365486719386
1.645000        8.038210274846108
1.646000        8.046059309861931
1.647000        8.05391260452041
1.648000        8.061770171692455
1.649000        8.06963202436555
1.650000        8.077498175642962
1.651000        8.085368638742914
1.652000        8.09324342699776
1.653000        8.101122553853141
1.654000        8.10900603286711
1.655000        8.11689387770923
1.656000        8.124786102159675
1.657000        8.132682720108296
1.658000        8.140583745553688
1.659000        8.14848919260221
1.660000        8.156399075466997
1.661000        8.164313408466988
1.662000        8.172232206025878
1.663000        8.180155482671093
1.664000        8.188083253032747
1.665000        8.196015531842544
1.666000        8.203952333932719
1.667000        8.211893674234918
1.668000        8.21983956777908
1.669000        8.227790029692311
1.670000        8.235745075197709
1.671000        8.24370471961322
1.672000        8.251668978350448
1.673000        8.259637866913447
1.674000        8.267611400897522
1.675000        8.275589595988002
1.676000        8.283572467958994
1.677000        8.291560032672134
1.678000        8.299552306075327
1.679000        8.307549304201451
1.680000        8.315551043167087
1.681000        8.323557539171219
1.682000        8.331568808493891
1.683000        8.339584867494914
1.684000        8.347605732612521
1.685000        8.35563142036203
1.686000        8.363661947334474
1.687000        8.37169733019525
1.688000        8.379737585682747
1.689000        8.387782730606968
1.690000        8.395832781848139
1.691000        8.403887756355324
1.692000        8.411947671145018
1.693000        8.420012543299734
1.694000        8.428082389966605
1.695000        8.436157228355967
1.696000        8.444237075739917
1.697000        8.452321949450912
1.698000        8.460411866880328
1.699000        8.468506845477041
1.700000        8.476606902745957
1.701000        8.484712056246618
1.702000        8.492822323591735
1.703000        8.50093772244577
1.704000        8.509058270523468
1.705000        8.517183985588442
1.706000        8.525314885451717
1.707000        8.533450987970305
1.708000        8.541592311045754
1.709000        8.549738872622711
1.710000        8.557890690687511
1.711000        8.566047783266718
1.712000        8.574210168425708
1.713000        8.582377864267244
1.714000        8.590550888930068
1.715000        8.598729260587469
1.716000        8.606912997445875
1.717000        8.615102117743461
1.718000        8.623296639748727
1.719000        8.631496581759134
1.720000        8.639701962099682
1.721000        8.647912799121567
1.722000        8.656129111200787
1.723000        8.66435091673678
1.724000        8.672578234151079
1.725000        8.680811081885953
1.726000        8.689049478403064
1.727000        8.697293442182172
1.728000        8.705542991719764
1.729000        8.713798145527793
1.730000        8.72205892213234
1.731000        8.730325340072351
1.732000        8.738597417898358
1.733000        8.74687517417119
1.734000        8.755158627460752
1.735000        8.763447796344746
1.736000        8.77174269940748
1.737000        8.780043355238611
1.738000        8.788349782431979
1.739000        8.796661999584373
1.740000        8.804980025294388
1.741000        8.813303878161232
1.742000        8.82163357678359
1.743000        8.829969139758486
1.744000        8.838310585680155
1.745000        8.846657933138921
1.746000        8.855011200720131
1.747000        8.863370407003046
1.748000        8.871735570559803
1.749000        8.880106709954337
1.750000        8.888483843741376
1.751000        8.896866990465394
1.752000        8.90525616865963
1.753000        8.9136513968451
1.754000        8.922052693529604
1.755000        8.930460077206803
1.756000        8.938873566355262
1.757000        8.947293179437537
1.758000        8.95571893489927
1.759000        8.964150851168288
1.760000        8.972588946653747
1.761000        8.98103323974529
1.762000        8.989483748812184
1.763000        8.997940492202527
1.764000        9.006403488242427
1.765000        9.014872755235238
1.766000        9.02334831146078
1.767000        9.031830175174601
1.768000        9.040318364607241
1.769000        9.048812897963533
1.770000        9.057313793421887
1.771000        9.065821069133648
1.772000        9.074334743222412
1.773000        9.082854833783404
1.774000        9.091381358882845
1.775000        9.099914336557369
1.776000        9.108453784813435
1.777000        9.11699972162674
1.778000        9.125552164941727
1.779000        9.134111132670988
1.780000        9.142676642694827
1.781000        9.151248712860728
1.782000        9.159827360982895
1.783000        9.168412604841809
1.784000        9.177004462183785
1.785000        9.185602950720565
1.786000        9.194208088128935
1.787000        9.202819892050332
1.788000        9.211438380090495
1.789000        9.220063569819121
1.790000        9.228695478769566
1.791000        9.237334124438537
1.792000        9.245979524285794
1.793000        9.25463169573391
1.794000        9.263290656168014
1.795000        9.271956422935595
1.796000        9.28062901334625
1.797000        9.289308444671537
1.798000        9.29799473414479
1.799000        9.30668789896098
1.800000        9.315387956276563
1.801000        9.324094923209394
1.802000        9.332808816838629
1.803000        9.341529654204614
1.804000        9.350257452308888
1.805000        9.3589922281141
1.806000        9.367733998543997
1.807000        9.376482780483428
1.808000        9.385238590778364
1.809000        9.394001446235919
1.810000        9.402771363624392
1.811000        9.411548359673361
1.812000        9.420332451073769
1.813000        9.429123654477994
1.814000        9.437921986500005
1.815000        9.446727463715476
1.816000        9.455540102661963
1.817000        9.464359919839055
1.818000        9.473186931708582
1.819000        9.482021154694799
1.820000        9.49086260518462
1.821000        9.499711299527874
1.822000        9.508567254037516
1.823000        9.517430484989937
1.824000        9.52630100862524
1.825000        9.535178841147534
1.826000        9.54406399872525
1.827000        9.552956497491493
1.828000        9.561856353544378
1.829000        9.570763582947396
1.830000        9.57967820172978
1.831000        9.588600225886925
1.832000        9.59752967138077
1.833000        9.606466554140248
1.834000        9.615410890061689
1.835000        9.62436269500931
1.836000        9.633321984815641
1.837000        9.64228877528203
1.838000        9.651263082179128
1.839000        9.660244921247386
1.840000        9.669234308197591
1.841000        9.67823125871137
1.842000        9.687235788441775
1.843000        9.696247913013792
1.844000        9.705267648024936
1.845000        9.714295009045838
1.846000        9.723330011620817
1.847000        9.732372671268507
1.848000        9.74142300348245
1.849000        9.750481023731737
1.850000        9.759546747461638
1.851000        9.76862019009426
1.852000        9.777701367029202
1.853000        9.786790293644216
1.854000        9.795886985295901
1.855000        9.80499145732038
1.856000        9.814103725034006
1.857000        9.823223803734063
1.858000        9.832351708699505
1.859000        9.841487455191647
1.860000        9.850631058454926
1.861000        9.859782533717642
1.862000        9.868941896192695
1.863000        9.878109161078367
1.864000        9.88728434355907
1.865000        9.896467458806129
1.866000        9.905658521978562
1.867000        9.914857548223868
1.868000        9.924064552678818
1.869000        9.933279550470271
1.870000        9.942502556715969
1.871000        9.95173358652535
1.872000        9.960972655000369
1.873000        9.97021977723633
1.874000        9.979474968322709
1.875000        9.988738243343988
1.876000        9.99800961738049
1.877000        10.00728910550923
1.878000        10.016576722804746
1.879000        10.02587248433997
1.880000        10.035176405187073
1.881000        10.044488500418307
1.882000        10.053808785106888
1.883000        10.063137274327833
1.884000        10.072473983158844
1.885000        10.081818926681162
1.886000        10.091172119980428
1.887000        10.10053357814757
1.888000        10.109903316279645
1.889000        10.119281349480733
1.890000        10.12866769286278
1.891000        10.138062361546496
1.892000        10.14746537066219
1.893000        10.156876735350668
1.894000        10.166296470764063
1.895000        10.175724592066757
1.896000        10.185161114436148
1.897000        10.194606053063648
1.898000        10.20405942315535
1.899000        10.213521239933119
1.900000        10.222991518635169
1.901000        10.232470274517208
1.902000        10.241957522852964
1.903000        10.251453278935365
1.904000        10.26095755807695
1.905000        10.270470375611243
1.906000        10.2799917468929
1.907000        10.28952168729931
1.908000        10.299060212230476
1.909000        10.308607337110917
1.910000        10.318163077389148
1.911000        10.327727448540042
1.912000        10.33730046606371
1.913000        10.3468821454885
1.914000        10.35647250236914
1.915000        10.366071552290578
1.916000        10.375679310865024
1.917000        10.385295793737061
1.918000        10.394921016579183
1.919000        10.40455499509859
1.920000        10.414197745030684
1.921000        10.423849282148232
1.922000        10.433509622251982
1.923000        10.443178781183217
1.924000        10.45285677481025
1.925000        10.462543619045793
1.926000        10.472239329827698
1.927000        10.481943923143074
1.928000        10.491657415000908
1.929000        10.501379821465822
1.930000        10.511111158619041
1.931000        10.520851442606041
1.932000        10.53060068958077
1.933000        10.540358915773382
1.934000        10.550126137409965
1.935000        10.559902370810093
1.936000        10.56968763226989
1.937000        10.579481938204655
1.938000        10.589285304975885
1.939000        10.599097749103766
1.940000        10.608919287006248
1.941000        10.61874993532285
1.942000        10.628589710511338
1.943000        10.638438629354823
1.944000        10.648296708320387
1.945000        10.658163964377426
1.946000        10.668040413945828
1.947000        10.677926074259101
1.948000        10.68782096158434
1.949000        10.697725093564252
1.950000        10.707638486113467
1.951000        10.717561157559011
1.952000        10.727493123081654
1.953000        10.73743440222032
1.954000        10.74738500868752
1.955000        10.757344964253825
1.956000        10.76731427974039
1.957000        10.77729298113167
1.958000        10.787281073586652
1.959000        10.797278591172795
1.960000        10.80728552797223
1.961000        10.817301933711459
1.962000        10.827327780784675
1.963000        10.837363149449413
1.964000        10.847407969571432
1.965000        10.857462381196818
1.966000        10.867526230659365
1.967000        10.87759977546784
1.968000        10.887682697641676
1.969000        10.89777548607277
1.970000        10.90787749919009
1.971000        10.917989682765636
1.972000        10.928110757687126
1.973000        10.938242573835865
1.974000        10.94838259742075
1.975000        10.95853446929108
1.976000        10.96869319814386
1.977000        10.97886595346474
1.978000        10.989042990330148
1.979000        10.999238187257923
1.980000        11.009432863605621
1.981000        11.019651925721032
1.982000        11.029861869426053
1.983000        11.040036337474067
1.984000        11.050250280650538
1.985000        11.060364308720125
1.986000        11.070633465781334
1.987000        11.08074637997455
1.988000        11.09124511314523
1.989000        11.101179374883994
1.990000        11.111518747312505
1.991000        11.121414831608064
1.992000        11.132450757436004
