0.010000        0.027063107881266646
0.020000        0.05359577856827258
0.030000        0.08040300287090396
0.040000        0.10719541295728696
0.050000        0.13420459979383992
0.060000        0.1612811533272076
0.070000        0.18854991818155398
0.080000        0.2159183734702701
0.090000        0.24346562881673073
0.100000        0.27112942765381653
0.110000        0.29896427996604835
0.120000        0.3269261233005345
0.130000        0.3550545291894025
0.140000        0.38331723169423526
0.150000        0.41174400161439983
0.160000        0.44031063417957483
0.170000        0.46904012104692683
0.180000        0.49791398563898426
0.190000        0.5269503489949425
0.200000        0.5561349301256016
0.210000        0.585482249785775
0.220000        0.6149811750748704
0.230000        0.6446435061985039
0.240000        0.6744605192486031
0.250000        0.7044419221751994
0.260000        0.734580864873692
0.270000        0.7648854228905488
0.280000        0.7953502240334966
0.290000        0.8259820547844097
0.300000        0.8567767227791112
0.310000        0.8877399860433801
0.320000        0.9188686042354597
0.330000        0.9501675075031688
0.340000        0.9816342312151107
0.350000        1.0132730338612141
0.360000        1.0450820885696892
0.370000        1.077065105105648
0.380000        1.1092207853937772
0.390000        1.1415523880954304
0.400000        1.1740590571442482
0.410000        1.2067436782489356
0.420000        1.2396057677121224
0.430000        1.272647901313352
0.440000        1.305869911469859
0.450000        1.3392741151967922
0.460000        1.3728606153087473
0.470000        1.4066315118511135
0.480000        1.440587140676083
0.490000        1.4747294191972795
0.500000        1.5090588856185647
0.510000        1.5435773030876199
0.520000        1.578285386836301
0.530000        1.6131847693009558
0.540000        1.6482763217504264
0.550000        1.6835615655676772
0.560000        1.7190415105863401
0.570000        1.754717583622547
0.580000        1.7905909184739173
0.590000        1.8266628612835678
0.600000        1.862934657565594
0.610000        1.8994075845554814
0.620000        1.9360829891728137
0.630000        1.972962089756809
0.640000        2.010046325921099
0.650000        2.0473368656694024
0.660000        2.0848352339237888
0.670000        2.1225425557095985
0.680000        2.1604604349743077
0.690000        2.198589960120156
0.700000        2.2369328087566984
0.710000        2.275490038182088
0.720000        2.3142633950740343
0.730000        2.3532539104456287
0.740000        2.392463396094209
0.750000        2.431892860979417
0.760000        2.4715441786125023
0.770000        2.5114183396370926
0.780000        2.55151727633025
0.790000        2.5918419643403308
0.800000        2.632394392148832
0.810000        2.6731755233773935
0.820000        2.714187400478105
0.830000        2.7554309777161325
0.840000        2.7969083495583345
0.850000        2.8386204633303844
0.860000        2.8805694637945756
0.870000        2.9227562935385816
0.880000        2.9651831461023654
0.890000        3.0078509613533306
0.900000        3.0507619802634913
0.910000        3.0939171418406293
0.920000        3.137318733290515
0.930000        3.1809676944873218
0.940000        3.2248663577986054
0.950000        3.2690156655752407
0.960000        3.31341799438313
0.970000        3.3580742905604417
0.980000        3.402986974001399
0.990000        3.448156996455795
1.000000        3.493586820356718
1.010000        3.539277404215067
1.020000        3.5852312522829397
1.030000        3.631449331116544
1.040000        3.6779341861274144
1.050000        3.724686793144098
1.060000        3.77170973813025
1.070000        3.819004007363443
1.080000        3.8665722267975475
1.090000        3.914415394291222
1.100000        3.962536175266166
1.110000        4.010935580254383
1.120000        4.05961631365744
1.130000        4.108579399737161
1.140000        4.157827581417065
1.150000        4.207361897712827
1.160000        4.2571851296382235
1.170000        4.30729833195714
1.180000        4.357704323364832
1.190000        4.408404175340332
1.200000        4.459400743871605
1.210000        4.510695118094189
1.220000        4.562290190917443
1.230000        4.614187070050642
1.240000        4.666388684968416
1.250000        4.718896162848038
1.260000        4.771712469386447
1.270000        4.824838752101055
1.280000        4.878278012579498
1.290000        4.9320314195299755
1.300000        4.9861020101089135
1.310000        5.040490975044834
1.320000        5.09520138674924
1.330000        5.150234458779625
1.340000        5.205593298495641
1.350000        5.261279143071558
1.360000        5.317295134513715
1.370000        5.3736425343800125
1.380000        5.43032451902625
1.390000        5.487342375139605
1.400000        5.544699313131158
1.410000        5.6023966455414484
1.420000        5.66043761654452
1.430000        5.718823565236319
1.440000        5.777557769262289
1.450000        5.836641594953207
1.460000        5.896078353133959
1.470000        5.95586943802628
1.480000        6.01601819334104
1.490000        6.07652604182298
1.500000        6.137396359772875
1.510000        6.198630599065581
1.520000        6.260232168291939
1.530000        6.3222025490381135
1.540000        6.38454518188027
1.550000        6.447261578670169
1.560000        6.510355211658428
1.570000        6.573827623488629
1.580000        6.637682317767698
1.590000        6.701920868427958
1.600000        6.766546810105975
1.610000        6.831561748489172
1.620000        6.896969248907276
1.630000        6.9627709492371395
1.640000        7.028970445154123
1.650000        7.095569407125307
1.660000        7.162571460811776
1.670000        7.2299783096365005
1.680000        7.29779360887261
1.690000        7.366019095227706
1.700000        7.434658453198267
1.710000        7.503713453066425
1.720000        7.573187808146862
1.730000        7.643083322545273
1.740000        7.713403737971657
1.750000        7.784150892561168
1.760000        7.855328555977145
1.770000        7.926938600544528
1.780000        7.998984823417686
1.790000        8.071469131223385
1.800000        8.144395348123236
1.810000        8.21776541510658
1.820000        8.291583182835986
1.830000        8.36585062666941
1.840000        8.440571623240803
1.850000        8.515748182224328
1.860000        8.591384205671922
1.870000        8.667481737458619
1.880000        8.744044704477147
1.890000        8.82107518462001
1.900000        8.898577129020236
1.910000        8.976552649330323
1.920000        9.055005720301228
1.930000        9.133938487006521
1.940000        9.213354947173517
1.950000        9.293257278867433
1.960000        9.373649502135542
1.970000        9.45453382750351
1.980000        9.535914296674136
1.990000        9.61779315198605
2.000000        9.700174456135425
2.010000        9.783060482491138
2.020000        9.866455314098303
2.030000        9.950361254412677
2.040000        10.034782406224416
2.050000        10.119721101937547
2.060000        10.205181463557619
2.070000        10.29116585105475
2.080000        10.377678405244747
2.090000        10.464721511969266
2.100000        10.552299330648829
2.110000        10.64041427088964
2.120000        10.72907051082467
2.130000        10.818270481156858
2.140000        10.908018379326457
2.150000        10.998316653679936
2.160000        11.089169522316553
2.170000        11.180579446640966
2.180000        11.272550667945286
2.190000        11.365085654428697
2.200000        11.458188674973606
2.210000        11.551862195753738
2.220000        11.646110520614972
2.230000        11.740936100888732
2.240000        11.836343287582991
2.250000        11.932334497959687
2.260000        12.028914150351248
2.270000        12.12608459818227
2.280000        12.223850360671783
2.290000        12.322213679874853
2.300000        12.421179232478703
2.310000        12.520749070955421
2.320000        12.620928126463976
2.330000        12.721718129372356
2.340000        12.823124434937796
2.350000        12.925148220368705
2.360000        13.02779556824473
2.370000        13.131066688255547
2.380000        13.23496894532564
2.390000        13.339500817504835
2.400000        13.444671993527805
2.410000        13.550477770805749
2.420000        13.656932166859974
2.430000        13.764024472127105
2.440000        13.871776994795756
2.450000        13.980167342681565
2.460000        14.089234152259493
2.470000        14.198931585783416
2.480000        14.309331362579815
2.490000        14.42033884295168
2.500000        14.532094917499329
2.510000        14.644397673405901
2.520000        14.757540120281789
2.530000        14.871051053534885
2.540000        14.985612374487513
2.550000        15.10052232678824
2.560000        15.216583660556825
2.570000        15.3320143853215
2.580000        15.449246815433327
2.590000        15.566172288739388
2.600000        15.685041040636989
2.610000        15.804170361720818
2.620000        15.924383050385778
2.630000        16.044812509752106
2.640000        16.166415758558635
2.650000        16.28763686218189
2.660000        16.410283435956522
2.670000        16.532367804802583
2.680000        16.656354394418162
2.690000        16.780385245245956
2.700000        16.905325289580208
2.710000        17.03004428735886
2.720000        17.155705978496965
2.730000        17.280663986786347
2.740000        17.40726397232535
2.750000        17.532911632523
2.760000        17.66051673186052
2.770000        17.78744880153983
2.780000        17.915570745793758
2.790000        18.0441906113467
2.800000        18.173336380163303
2.810000        18.300870640510215
2.820000        18.43086626996244
2.830000        18.561847116390346
2.840000        18.692362175841062
2.850000        18.823388814949038
2.860000        18.954945322765578
2.870000        19.08459624473781
2.880000        19.216857257379235
2.890000        19.348570198056954
2.900000        19.48139485614726
2.910000        19.61374386393832
2.920000        19.746814390595286
2.930000        19.87920806947944
2.940000        20.012535146355592
2.950000        20.144282730218666
2.960000        20.278345333176432
2.970000        20.41101024041787
2.980000        20.545682003274326
2.990000        20.678221494459624
3.000000        20.812658043850018
3.010000        20.944624494636763
3.020000        21.07997399668132
3.030000        21.212963533588724
3.040000        21.34821573567788
3.050000        21.48088728273107
3.060000        21.615834524569678
3.070000        21.750551924513843
3.080000        21.885665647667295
3.090000        22.0185408278992
3.100000        22.15357192319317
3.110000        22.288048191426505
3.120000        22.422945888563916
3.130000        22.55718504346924
3.140000        22.692814261231753
3.150000        22.82852518172387
3.160000        22.964173816833032
3.170000        23.097862191961575
3.180000        23.23343248663059
3.190000        23.3669836592805
3.200000        23.502407239442704
3.210000        23.638036648585526
3.220000        23.77333949203505
3.230000        23.90616195240689
3.240000        24.041707117962964
3.250000        24.171905517090238
3.260000        24.307260458583592
3.270000        24.441351209209245
3.280000        24.576710554554857
3.290000        24.709310223590244
3.300000        24.844917405794043
3.310000        24.97467088609953
3.320000        25.11052525898375
3.330000        25.223458848866898
3.340000        25.358717329364055
3.350000        25.492653776942213
3.360000        25.627738009871152
3.370000        25.76142516407375
3.380000        25.896703793943402
3.390000        26.030557270480976
3.400000        26.16616779236594
3.410000        26.27850216078354
3.420000        26.41350027936533
3.430000        26.547844049904548
3.440000        26.682428227203822
3.450000        26.817427854290038
3.460000        26.95175939459321
3.470000        27.089393696300554
3.480000        27.223949131182117
3.490000        27.359712299621833
3.500000        27.493731857789513
3.510000        27.682929652033422
3.520000        27.816279899590242
3.530000        27.95396232067803
3.540000        28.089067473015994
3.550000        28.222605528531126
3.560000        28.35732383888852
3.570000        28.486398670002927
3.580000        28.620949383737504
3.590000        28.756087921391597
3.600000        28.890050855761913
3.610000        29.024035640572905
3.620000        29.158506631397344
3.630000        29.29351296671691
3.640000        29.427347434661876
3.650000        29.55998632563019
3.660000        29.694481190985307
3.670000        29.82814832824628
3.680000        29.962278949290457
3.690000        30.094208272233224
3.700000        30.228739646289334
3.710000        30.362028383939716
3.720000        30.496150080765148
3.730000        30.630019522623776
3.740000        30.762820191825746
3.750000        30.89631184335535
3.760000        31.03045480020564
3.770000        31.162771315318643
3.780000        31.296638682525227
3.790000        31.435738251430877
3.800000        31.569200177504776
3.810000        31.701488194175838
3.820000        31.837341397891286
3.830000        31.970145383825546
3.840000        32.10206369585902
3.850000        32.23612179147296
3.860000        32.36879474152885
3.870000        32.5020468481538
3.880000        32.63591472438075
3.890000        32.76941589625375
3.900000        32.90307463003578
3.910000        33.03364033879284
3.920000        33.167695160984145
3.930000        33.301037952404485
3.940000        33.436274224875966
3.950000        33.568893908089265
3.960000        33.70201066181361
3.970000        33.8349200173748
3.980000        33.96792922568437
3.990000        34.100679243242084
4.000000        34.23245719697526
4.010000        34.3658771938949
4.020000        34.499147540821276
4.030000        34.633720166773
4.040000        34.76665403689472
4.050000        34.89839084626298
4.060000        35.02898908671913
4.070000        35.16251289771173
4.080000        35.29354787928994
4.090000        35.427319225180156
4.100000        35.55890619458757
4.110000        35.687169816392036
4.120000        35.81933183434241
4.130000        35.952112022682016
4.140000        36.084259666215004
4.150000        36.21579348854632
4.160000        36.346726303054076
4.170000        36.479743044772455
4.180000        36.610087571916075
4.190000        36.74304602546298
4.200000        36.87340919386844
4.210000        37.00571176981058
4.220000        37.13851433611852
4.230000        37.27127834140712
4.240000        37.403471846397636
4.250000        37.535942750568736
4.260000        37.66818633311491
4.270000        37.795784249608644
4.280000        37.928162777356945
4.290000        38.06043641123455
4.300000        38.19144347172576
4.310000        38.32657169047076
4.320000        38.45842315315148
4.330000        38.58710816234241
4.340000        38.719763012251796
4.350000        38.85232631638041
4.360000        38.98662356682161
4.370000        39.11852450569326
4.380000        39.24896372000305
4.390000        39.37880750900653
4.400000        39.51032131799352
4.410000        39.6359209179765
4.420000        39.76723908892289
4.430000        39.898480059780816
4.440000        40.02589493033967
4.450000        40.15735920746876
4.460000        40.288232120500425
4.470000        40.41979693625258
4.480000        40.551340111673696
4.490000        40.680301194742725
4.500000        40.81157332335596
4.510000        40.94675772928905
4.520000        41.07785011303248
4.530000        41.20827079366756
4.540000        41.33382866120202
4.550000        41.46452618848097
4.560000        41.59067326952437
4.570000        41.721767388763524
4.580000        41.854104767573766
4.590000        41.985053703192435
4.600000        42.11184629840549
4.610000        42.24305451022334
4.620000        42.371648166020044
4.630000        42.502387509191855
4.640000        42.63310566856824
4.650000        42.76255866639817
4.660000        42.88996960090208
4.670000        43.02036672666072
4.680000        43.14892249290999
4.690000        43.27919894185794
4.700000        43.40803723397833
4.710000        43.53612238456734
4.720000        43.66540855129205
4.730000        43.79394644704879
4.740000        43.9241458821066
4.750000        44.05405955618211
4.760000        44.184408651415545
4.770000        44.314471578287474
4.780000        44.43773887877439
4.790000        44.567940365675874
4.800000        44.697836579902734
4.810000        44.828750874812414
4.820000        44.957938201330016
4.830000        45.08786866929927
4.840000        45.21763471381138
4.850000        45.34843508743218
4.860000        45.47806549422415
4.870000        45.607599549641556
4.880000        45.73732610612134
4.890000        45.8622945177112
4.900000        45.98780849241987
4.910000        46.117432355285416
4.920000        46.2443390054498
4.930000        46.37316240529904
4.940000        46.50144321825971
4.950000        46.63087604016697
4.960000        46.75669453365237
4.970000        46.88717074988504
4.980000        47.016256686723324
4.990000        47.14593838781096
5.000000        47.274917581177576
5.010000        47.40432916399311
5.020000        47.53336369825328
5.030000        47.663433919385874
5.040000        47.79123604035646
5.050000        47.92068429858056
5.060000        48.049174494955906
5.070000        48.17824245241165
5.080000        48.305600334044954
5.090000        48.43227334867944
5.100000        48.559534417183066
5.110000        48.68690556060817
5.120000        48.816262982794214
5.130000        48.944629433084685
5.140000        49.07125998068264
5.150000        49.199349823172234
5.160000        49.32698530700568
5.170000        49.45580399057558
5.180000        49.583032799904586
5.190000        49.711192102422174
5.200000        49.839392260218254
5.210000        49.96957867307859
5.220000        50.09760970690948
5.230000        50.22562296424438
5.240000        50.35347814431369
5.250000        50.48149699425242
5.260000        50.60827154853076
5.270000        50.736580219824184
5.280000        50.86477247921728
5.290000        50.9928035254632
5.300000        51.12035798861589
5.310000        51.247692002477
5.320000        51.37176056746497
5.330000        51.49897034720033
5.340000        51.62677130339775
5.350000        51.753796143807726
5.360000        51.882127010063535
5.370000        52.009031463010864
5.380000        52.136014487616904
5.390000        52.26132333373853
5.400000        52.38546407633195
5.410000        52.51251562327689
5.420000        52.63944721675323
5.430000        52.76557920083701
5.440000        52.89333279479171
5.450000        53.020211082067945
5.460000        53.14688899603836
5.470000        53.27156515165248
5.480000        53.39867578521364
5.490000        53.52426572851113
5.500000        53.65069056227104
5.510000        53.777406718327725
5.520000        53.903518565076006
5.530000        54.02963837449607
5.540000        54.155936312295594
5.550000        54.28288060738271
5.560000        54.40976901946074
5.570000        54.533529124153304
5.580000        54.6620290542312
5.590000        54.78849429573326
5.600000        54.91196429435658
5.610000        55.04263895673259
5.620000        55.16667568947109
5.630000        55.29293017905985
5.640000        55.41909942273641
5.650000        55.544994213861415
5.660000        55.671812562946855
5.670000        55.7965092551826
5.680000        55.92020760084142
5.690000        56.04563237745991
5.700000        56.17191787309376
5.710000        56.297789668087574
5.720000        56.42321235503846
5.730000        56.548779338199765
5.740000        56.669982485282546
5.750000        56.79565604054105
5.760000        56.919767031757814
5.770000        57.04593792869734
5.780000        57.17106889180245
5.790000        57.29295990007881
5.800000        57.41750249783256
5.810000        57.54324537652505
5.820000        57.66699175112052
5.830000        57.791844517457264
5.840000        57.916681176531426
5.850000        58.03879523288553
5.860000        58.1649604473522
5.870000        58.289530893796226
5.880000        58.41399788147652
5.890000        58.53809241709348
5.900000        58.663201790907976
5.910000        58.78848651485664
5.920000        58.91317294013194
5.930000        59.03786467369392
5.940000        59.16189654606224
5.950000        59.28464040531662
5.960000        59.40895660695013
5.970000        59.53217376015667
5.980000        59.65169709275608
5.990000        59.775483861587944
6.000000        59.89759418222374
6.010000        60.022301520518724
6.020000        60.145749104405
6.030000        60.27120896960858
6.040000        60.3950247070499
6.050000        60.52439666408904
6.060000        60.64681127840977
6.070000        60.7693606088791
6.080000        60.8864446910477
6.090000        61.01088625308677
6.100000        61.13287653079546
6.110000        61.25632607513461
6.120000        61.37963243179212
6.130000        61.502294104911996
6.140000        61.62659648805452
6.150000        61.747553718804525
6.160000        61.86658406699797
6.170000        61.98908261194188
6.180000        62.1101093088278
6.190000        62.23361249991564
6.200000        62.34838487092955
6.210000        62.470510067815326
6.220000        62.58992397070931
6.230000        62.710568171702576
6.240000        62.8338947977861
6.250000        62.95589232285454
6.260000        63.07758818945227
6.270000        63.19894986000689
6.280000        63.32072006571464
6.290000        63.44250075097064
6.300000        63.586201635971335
6.310000        63.70753433428597
6.320000        63.82329395090461
6.330000        63.94461125060401
6.340000        64.06472778663046
6.350000        64.18054590625415
6.360000        64.301837269293
6.370000        64.42234501483362
6.380000        64.54428061152574
6.390000        64.6644839543516
6.400000        64.78480141090806
6.410000        64.90607017817827
6.420000        65.02269188319309
6.430000        65.14220837474504
6.440000        65.26272925453041
6.450000        65.3831951633343
6.460000        65.50340488753034
6.470000        65.62405261702963
6.480000        65.74413947649333
6.490000        65.86473315390337
6.500000        65.9844975424794
6.510000        66.10496961348375
6.520000        66.22370585983596
6.530000        66.34260907825164
6.540000        66.46148496094298
6.550000        66.58105403410036
6.560000        66.69982495450121
6.570000        66.81796510623153
6.580000        66.93797020759817
6.590000        67.05637122351061
6.600000        67.1757581021243
6.610000        67.29594421665882
6.620000        67.41556737731402
6.630000        67.53422391072402
6.640000        67.65357245323379
6.650000        67.76956391182807
6.660000        67.88505104710454
6.670000        68.00420208396393
6.680000        68.12262131501116
6.690000        68.24161784293953
6.700000        68.34931301124838
6.710000        68.46812729498838
6.720000        68.58563699641333
6.730000        68.70448376788418
6.740000        68.82310883333808
6.750000        68.94254770496273
6.760000        69.06138944503762
6.770000        69.18069943619876
6.780000        69.29761193331746
6.790000        69.41498802793377
6.800000        69.53340555271674
6.810000        69.64571510152398
6.820000        69.76303131417066
6.830000        69.88111700475739
6.840000        70.00236030824222
6.850000        70.12003148673844
6.860000        70.23812997574258
6.870000        70.36240828537832
6.880000        70.48085640677562
6.890000        70.59799576448295
6.900000        70.72610789116557
6.910000        70.84293426412654
6.920000        70.95892113695274
6.930000        71.07504281942246
6.940000        71.19251191383539
6.950000        71.30886095928808
6.960000        71.41953997956236
6.970000        71.53536326264914
6.980000        71.65249632009815
6.990000        71.76777734446452
7.000000        71.88514186636854
7.010000        72.00091143256728
7.020000        72.11503800336074
7.030000        72.22926533301407
7.040000        72.3458075857877
7.050000        72.46096063328477
7.060000        72.5765895250119
7.070000        72.69142461941527
7.080000        72.80745478129721
7.090000        72.92229562663461
7.100000        73.03825140748786
7.110000        73.15284227899218
7.120000        73.27805507837611
7.130000        73.39429378818093
7.140000        73.50978475953902
7.150000        73.62397592378089
7.160000        73.73917672014377
7.170000        73.80573787211041
7.180000        73.91049637337933
7.190000        74.03106610909249
7.200000        74.15843487737584
7.210000        74.27591975214445
7.220000        74.41128673966462
7.230000        74.5242386655115
7.240000        74.63188085337671
7.250000        74.74601432477243
7.260000        74.86503976719598
7.270000        74.97909993068558
7.280000        75.09693810900879
7.290000        75.2104538126902
7.300000        75.32728787179062
7.310000        75.44105895385054
7.320000        75.55766545735473
7.330000        75.67148575834871
7.340000        75.78776490436253
7.350000        75.90081159934428
7.360000        76.0165103448133
7.370000        76.12970306850133
7.380000        76.24508821502684
7.390000        76.35771445636433
7.400000        76.47268889612974
7.410000        76.58502875802094
7.420000        76.69965286753367
7.430000        76.8113739326072
7.440000        76.92121980812611
7.450000        77.03285726994078
7.460000        77.14710473417227
7.470000        77.25249398380446
7.480000        77.34874725864378
7.490000        77.46215373964615
7.500000        77.58185618366406
7.510000        77.69613984317934
7.520000        77.98539151253527
7.530000        78.6010478430971
