0.010000        0.027378113309625363
0.020000        0.05517877688405726
0.030000        0.08304976413066356
0.040000        0.11105428355696212
0.050000        0.13916784894801992
0.060000        0.16739343673280693
0.070000        0.19572520700063656
0.080000        0.22416045827008801
0.090000        0.2526950247016444
0.100000        0.28132515535893354
0.110000        0.3100468189131895
0.120000        0.3388560687106228
0.130000        0.3677489495514248
0.140000        0.396721591926509
0.150000        0.42577021635033496
0.160000        0.4548911719805879
0.170000        0.4840809557924075
0.180000        0.5133362378673265
0.190000        0.5426538819174205
0.200000        0.5720309665825027
0.210000        0.6014648051504068
0.220000        0.6309529648502696
0.230000        0.6604932850543719
0.240000        0.690083894468204
0.250000        0.7197232269368108
0.260000        0.7494100356461946
0.270000        0.7791434053804878
0.280000        0.8089227625323812
0.290000        0.8387478825484909
0.300000        0.868618894525552
0.310000        0.8985362827071057
0.320000        0.9285008846886065
0.330000        0.9585138862083245
0.340000        0.988576812486972
0.350000        1.018691516174984
0.360000        1.0488601620713585
0.370000        1.0790852088865996
0.380000        1.1093693884298457
0.390000        1.1397156827002632
0.400000        1.1701272994486462
0.410000        1.2006076468397762
0.420000        1.2311603078830533
0.430000        1.2617890153026483
0.440000        1.2924976274854032
0.450000        1.3232901060739746
0.460000        1.3541704956665868
0.470000        1.3851429059490474
0.480000        1.4162114964284847
0.490000        1.4473804637735999
0.500000        1.4786540316063306
0.510000        1.510036442448417
0.520000        1.5415319514153314
0.530000        1.5731448211784773
0.540000        1.6048793176894414
0.550000        1.6367397061777709
0.560000        1.6687302469921068
0.570000        1.7008551909455925
0.580000        1.7331187739396672
0.590000        1.7655252107635953
0.600000        1.7980786880885589
0.610000        1.8307833567838578
0.620000        1.8636433237704395
0.630000        1.8966626436875345
0.640000        1.92984531067893
0.650000        1.9631952506064891
0.660000        1.9967163139725095
0.670000        2.0304122697845894
0.680000        2.0642868005330257
0.690000        2.0983434983787603
0.700000        2.1325858625769634
0.710000        2.1670172980942137
0.720000        2.2016411153215394
0.730000        2.236460530745484
0.740000        2.2714786684165382
0.750000        2.3066985620490517
0.760000        2.3421231575966956
0.770000        2.3777553161695284
0.780000        2.413597817187819
0.790000        2.4496533616993457
0.800000        2.485924575816288
0.810000        2.5224140142515292
0.820000        2.5591241639499778
0.830000        2.5960574478176834
0.840000        2.6332162285507863
0.850000        2.670602812559437
0.860000        2.7082194539713385
0.870000        2.7460683586879178
0.880000        2.784151688455907
0.890000        2.822471564909822
0.900000        2.8610300735376804
0.910000        2.8998292675232555
0.920000        2.9388711714230187
0.930000        2.9781577846434537
0.940000        3.0176910846937357
0.950000        3.0574730301984534
0.960000        3.0975055636642477
0.970000        3.137790614002217
0.980000        3.1783300988141576
0.990000        3.2191259264552787
1.000000        3.2601799978887893
1.010000        3.301494208349185
1.020000        3.3430704488312255
1.030000        3.3849106074209274
1.040000        3.4270165704835662
1.050000        3.469390223721822
1.060000        3.5120334531150608
1.070000        3.5549481457483374
1.080000        3.5981361905371916
1.090000        3.6415994788518447
1.100000        3.6853399050418307
1.110000        3.729359366859965
1.120000        3.7736597657823694
1.130000        3.8182430072193796
1.140000        3.8631110006104787
1.150000        3.9082656593946545
1.160000        3.9537089008458235
1.170000        3.9994426457609507
1.180000        4.045468817986128
1.190000        4.091789343762956
1.200000        4.138406150873996
1.210000        4.18532116756198
1.220000        4.23253632119242
1.230000        4.2800535366237735
1.240000        4.327874734243181
1.250000        4.376001827619238
1.260000        4.424436720716502
1.270000        4.473181304609701
1.280000        4.522237453629204
1.290000        4.571607020863702
1.300000        4.621291832941472
1.310000        4.671293684008841
1.320000        4.721614328823854
1.330000        4.7722554748854105
1.340000        4.823218773524182
1.350000        4.874505809891598
1.360000        4.926118091798568
1.370000        4.978057037376104
1.380000        5.0303239615569595
1.390000        5.082920061410254
1.400000        5.135846400400148
1.410000        5.189103891684237
1.420000        5.242693280616491
1.430000        5.296615126671609
1.440000        5.3508697850607625
1.450000        5.405457388360297
1.460000        5.460377828522537
1.470000        5.5156307396785
1.480000        5.571215482173866
1.490000        5.6271311282995455
1.500000        5.683376450185241
1.510000        5.739949910317639
1.520000        5.796849655123909
1.530000        5.854073512026353
1.540000        5.911618990326168
1.550000        5.969483286213984
1.560000        6.027663292133592
1.570000        6.086155610643907
1.580000        6.144956572834452
1.590000        6.2040622612532665
1.600000        6.263468537205508
1.610000        6.3231710721794805
1.620000        6.383165383058369
1.630000        6.443446870685101
1.640000        6.504010861269389
1.650000        6.564852650064978
1.660000        6.62596754670513
1.670000        6.687350921567919
1.680000        6.74899825255094
1.690000        6.810905171665915
1.700000        6.873067510913955
1.710000        6.935481346966263
1.720000        6.998143044246412
1.730000        7.061049296081276
1.740000        7.124197163652273
1.750000        7.187584112532015
1.760000        7.251208046633032
1.770000        7.315067339427099
1.780000        7.379160862322742
1.790000        7.443488010122156
1.800000        7.50804872352451
1.810000        7.572843508701929
1.820000        7.637873454039941
1.830000        7.7031402441865
1.840000        7.768646171562494
1.850000        7.83439414541602
1.860000        7.90038769832238
1.870000        7.966630989732156
1.880000        8.03312880577715
1.890000        8.099886554129679
1.900000        8.166910252383605
1.910000        8.23420650830699
1.920000        8.30178249049635
1.930000        8.369645888458585
1.940000        8.437804861882299
1.950000        8.506267979690058
1.960000        8.575044150232312
1.970000        8.644142544592107
1.980000        8.713572515402454
1.990000        8.78334351387183
2.000000        8.853465007895338
2.010000        8.923946404172245
2.020000        8.994796977084928
2.030000        9.066025806666438
2.040000        9.137641727315323
2.050000        9.209653288112328
2.060000        9.282068724802055
2.070000        9.354895942852348
2.080000        9.42814251056408
2.090000        9.501815660977144
2.100000        9.575922301265013
2.110000        9.650469028375564
2.120000        9.725462149809736
2.130000        9.800907708596323
2.140000        9.876811511694395
2.150000        9.953179161218578
2.160000        10.030016088021615
2.170000        10.10732758727222
2.180000        10.185118855723989
2.190000        10.26339503037806
2.200000        10.34216122819748
2.210000        10.421422586443775
2.220000        10.501184303091211
2.230000        10.581451676651948
2.240000        10.662230144637778
2.250000        10.743525319800533
2.260000        10.825343023224878
2.270000        10.90768931325357
2.280000        10.990570509041024
2.290000        11.073993207186284
2.300000        11.157964289371282
2.310000        11.242490918322648
2.320000        11.327580518996307
2.330000        11.41324074206484
2.340000        11.499479407924092
2.350000        11.58630443146182
2.360000        11.673723729860672
2.370000        11.761745115969006
2.380000        11.850376176315383
2.390000        11.939624125095605
2.400000        12.02949561590717
2.410000        12.119996487318886
2.420000        12.211131422738973
2.430000        12.302903521403294
2.440000        12.39531380004933
2.450000        12.488360663028345
2.460000        12.582039383967999
2.470000        12.67634163659735
2.480000        12.77125510782211
2.490000        12.86676323345041
2.500000        12.962845114216389
2.510000        13.059475680196382
2.520000        13.156626156590082
2.530000        13.254264837514814
2.540000        13.352358111524943
2.550000        13.45087162793978
2.560000        13.549771468236703
2.570000        13.649025197225964
2.580000        13.74860270628793
2.590000        13.848476808587034
2.600000        13.9486235898971
2.610000        14.049022548851376
2.620000        14.149656576302984
2.630000        14.250511826428191
2.640000        14.351577527804885
2.650000        14.452845773597971
2.660000        14.55431132045647
2.670000        14.655971415860368
2.680000        14.757825665588499
2.690000        14.859875945257254
2.700000        14.962126353759967
2.710000        15.064583200831915
2.720000        15.167255016203281
2.730000        15.270152566156302
2.740000        15.373288859104807
2.750000        15.476679130227097
2.760000        15.580340782657498
2.770000        15.68429329731724
2.780000        15.788558064371887
2.790000        15.893158211911405
2.800000        15.998118276981721
2.810000        16.103464003187106
2.820000        16.209221738504777
2.830000        16.31541840296569
2.840000        16.422080314273707
2.850000        16.529233929053596
2.860000        16.636903281779794
2.870000        16.745113003171287
2.880000        16.853882361953705
2.890000        16.96323372731054
2.900000        17.073179142402182
2.910000        17.18373959168842
2.920000        17.29491798397319
2.930000        17.406735488808582
2.940000        17.519185739793464
2.950000        17.632290321210377
2.960000        17.746036741872025
2.970000        17.860442407609835
2.980000        17.97549617918828
2.990000        18.091171682535307
3.000000        18.20741836072791
3.010000        18.32396224158176
3.020000        18.43992286986606
3.030000        18.557425914626798
