0.005000        0.013006587921326584
0.010000        0.025685714101044255
0.015000        0.03843656862438394
0.020000        0.051125400370484186
0.025000        0.06387631796312832
0.030000        0.07661212827860275
0.035000        0.08940180914583884
0.040000        0.10219468442719659
0.045000        0.115036158904946
0.050000        0.12789035364449397
0.055000        0.14078961652147015
0.060000        0.15370731632196666
0.065000        0.1666675913802873
0.070000        0.1796500502504479
0.075000        0.1926732612587969
0.080000        0.20572127424816244
0.085000        0.2188086775394673
0.090000        0.2319228071999131
0.095000        0.24507529806260564
0.100000        0.2582559897877168
0.105000        0.27147426140248143
0.110000        0.28472190362931116
0.115000        0.29800653316901204
0.120000        0.3113214889406066
0.125000        0.32467298564930047
0.130000        0.3380556089875011
0.135000        0.3514744416728721
0.140000        0.3649250858445807
0.145000        0.3784116989298081
0.150000        0.39193072040651167
0.155000        0.40548554349491006
0.160000        0.4190733036580774
0.165000        0.4326967573554814
0.170000        0.4463536230552183
0.175000        0.46004612259832633
0.180000        0.4737724661575804
0.185000        0.48753442373443967
0.190000        0.5013306227101957
0.195000        0.5151624489869047
0.200000        0.5290288858474845
0.205000        0.5429309910033453
0.210000        0.5568680527992154
0.215000        0.5708408472505955
0.220000        0.584848925312988
0.225000        0.5988928202350969
0.230000        0.6129723099147668
0.235000        0.6270877176287399
0.240000        0.6412390180764227
0.245000        0.6554263523441488
0.250000        0.6696498663295145
0.255000        0.6839095425835406
0.260000        0.6982056763476852
0.265000        0.7125381118742418
0.270000        0.7269072750105057
0.275000        0.7413128890978857
0.280000        0.755755494456162
0.285000        0.7702347085169343
0.290000        0.7847511721272902
0.295000        0.7993044098004098
0.300000        0.813895150812499
0.305000        0.8285228380497234
0.310000        0.843188278685103
0.315000        0.8578908438249915
0.320000        0.8726314093399701
0.325000        0.8874092831719569
0.330000        0.902225401829087
0.335000        0.9170790176495487
0.340000        0.9319711206961987
0.345000        0.9469009143580074
0.350000        0.9618694360107813
0.355000        0.9768758459675162
0.360000        0.9919212234014942
0.365000        1.007004690747264
0.370000        1.022127364089254
0.375000        1.0372883325948798
0.380000        1.0524887449200069
0.385000        1.0677276610661703
0.390000        1.0830062583972548
0.395000        1.0983235714051123
0.400000        1.1136808027143825
0.405000        1.1290769645740593
0.410000        1.1445132817868409
0.415000        1.1599887472841282
0.420000        1.1755046052841873
0.425000        1.191059832025724
0.430000        1.2066556886620177
0.435000        1.222291137099182
0.440000        1.2379674531938019
0.445000        1.253683586645515
0.450000        1.2694408260026364
0.455000        1.2852381106772128
0.460000        1.3010767400929204
0.465000        1.3169556451091236
0.470000        1.3328761343819604
0.475000        1.3488371317893595
0.480000        1.3648399537315061
0.485000        1.380883518530231
0.490000        1.3969691489792293
0.495000        1.413095759139205
0.500000        1.429264676970126
0.505000        1.4454748134498416
0.510000        1.4617275005878607
0.515000        1.4780216473527528
0.520000        1.4943585887860458
0.525000        1.5107372328265143
0.530000        1.52715891661944
0.535000        1.5436225479685568
0.540000        1.5601294652750877
0.545000        1.5766785770260263
0.550000        1.5932712221033682
0.555000        1.6099063104265756
0.560000        1.6265851806489682
0.565000        1.6433067448091148
0.570000        1.6600723406817668
0.575000        1.6768808830544888
0.580000        1.6937337082276311
0.585000        1.7106297343160701
0.590000        1.7275702955990937
0.595000        1.7445543140502764
0.600000        1.76158312142595
0.605000        1.7786556440469887
0.610000        1.795773210685729
0.615000        1.8129347524598654
0.620000        1.8301415947340338
0.625000        1.8473926738365467
0.630000        1.8646893113347751
0.635000        1.8820304491487256
0.640000        1.8994174046902508
0.645000        1.9168491258221039
0.650000        1.9343269254710922
0.655000        1.9518497577661957
0.660000        1.9694189308460501
0.665000        1.987033405403979
0.670000        2.0046944845116226
0.675000        2.0224011357014007
0.680000        2.040154656721512
0.685000        2.057954022196684
0.690000        2.0758005243158966
0.695000        2.093693145029489
0.700000        2.1116331707505154
0.705000        2.1296195909698454
0.710000        2.1476536861255546
0.715000        2.1657344534469214
0.720000        2.1838631672143247
0.725000        2.202038832577548
0.730000        2.2202627174917016
0.735000        2.2385338351945308
0.740000        2.2568534471623547
0.745000        2.275220574874732
0.750000        2.2936364731887178
0.755000        2.3121001719668968
0.760000        2.330612919318714
0.765000        2.3491737536192225
0.770000        2.367783916113206
0.775000        2.3864424538066658
0.780000        2.4051506009731796
0.785000        2.423907413357954
0.790000        2.4427141181666165
0.795000        2.4615697799823035
0.800000        2.480475618855081
0.805000        2.499430708295831
0.810000        2.51843626111998
0.815000        2.537491359847646
0.820000        2.5565972099885013
0.825000        2.575752903145597
0.830000        2.594959637459194
0.835000        2.614216513681681
0.840000        2.6335247225272056
0.845000        2.652883373957069
0.850000        2.672293651209131
0.855000        2.691754673506777
0.860000        2.7112676165675005
0.865000        2.7308316089239284
0.870000        2.7504478187348322
0.875000        2.770115383883601
0.880000        2.7898354649372887
0.885000        2.8096072091662663
0.890000        2.8294317695178997
0.895000        2.8493083026807806
0.900000        2.869237953959324
0.905000        2.889219889486906
0.910000        2.909255246906161
0.915000        2.9293432018173906
0.920000        2.949484884186761
0.925000        2.9696794790995096
0.930000        2.9899281088345546
0.935000        3.0102299679761497
0.940000        3.0305861711088475
0.945000        3.0509959223263294
0.950000        3.071460328515098
0.955000        3.091978603285188
0.960000        3.1125518458246173
0.965000        3.1331792792634197
0.970000        3.153861995093717
0.975000        3.174599225966105
0.980000        3.195392055682259
0.985000        3.216239726410958
0.990000        3.2371433142715755
0.995000        3.258102070945945
1.000000        3.2791170648817918
1.005000        3.300187557266261
1.010000        3.3213146088884606
1.015000        3.3424974904306346
1.020000        3.363737255038542
1.025000        3.385033182876965
1.030000        3.4063863194656854
1.035000        3.4277959544372454
1.040000        3.449263125704782
1.045000        3.470787132351738
1.050000        3.492369004705795
1.055000        3.514008051282433
1.060000        3.53570529484681
1.065000        3.5574600533256984
1.070000        3.5792733419463083
1.075000        3.601144488024161
1.080000        3.623074499274624
1.085000        3.645062712377726
1.090000        3.6671101275645572
1.095000        3.689216090853794
1.100000        3.7113815950211535
1.105000        3.7336059953965623
1.110000        3.755890277330554
1.115000        3.7782338054354536
1.120000        3.8006375576679794
1.125000        3.823100907892604
1.130000        3.845624826704734
1.135000        3.868208697189404
1.140000        3.890853482614258
1.145000        3.913558575252056
1.150000        3.936324931077202
1.155000        3.9591519515161213
1.160000        3.982040585285432
1.165000        4.004990242930024
1.170000        4.028001865945036
1.175000        4.051074873957505
1.180000        4.0742102012782
1.185000        4.097407276578947
1.190000        4.1206670270239965
1.195000        4.143988890291597
1.200000        4.167373786438029
1.205000        4.1908211621086195
1.210000        4.214331930290882
1.215000        4.237905546556949
1.220000        4.261542916865368
1.225000        4.285243505673918
1.230000        4.309008211952547
1.235000        4.33283650900265
1.240000        4.356729288846447
1.245000        4.380686033586114
1.250000        4.404707628337492
1.255000        4.428793563959902
1.260000        4.452944718704579
1.265000        4.477160592143585
1.270000        4.50144205570575
1.275000        4.525788617630729
1.280000        4.5502011425674915
1.285000        4.5746791473774255
1.290000        4.599223489972529
1.295000        4.623833695789369
1.300000        4.648510616046158
1.305000        4.673253784707422
1.310000        4.698064046341036
1.315000        4.722940943391613
1.320000        4.747885313820383
1.325000        4.772896708503541
1.330000        4.797975958839583
1.335000        4.8231226240871585
1.340000        4.848337529126127
1.345000        4.873620241547881
1.350000        4.898971579757873
1.355000        4.924391119629943
1.360000        4.949879673139527
1.365000        4.97543682439203
1.370000        5.001063378977369
1.375000        5.02675892918108
1.380000        5.052524274252132
1.385000        5.078359014604228
1.390000        5.104263943190025
1.395000        5.130238668498876
1.400000        5.15628397723181
1.405000        5.182399485900794
1.410000        5.208585974999918
1.415000        5.234843069010221
1.420000        5.261171542263549
1.425000        5.287571027155947
1.430000        5.314042291901693
1.435000        5.340584976757276
1.440000        5.367199843864043
1.445000        5.393886541283871
1.450000        5.420645825129732
1.455000        5.447477351213358
1.460000        5.474381869663837
1.465000        5.5013590439867315
1.470000        5.528409618371628
1.475000        5.5555332639614186
1.480000        5.582730719050463
1.485000        5.610001662362
1.490000        5.637346826339304
1.495000        5.664765897228516
1.500000        5.692259601665791
1.505000        5.71982763336228
1.510000        5.747470713190824
1.515000        5.7751885422692
1.520000        5.8029818357505665
1.525000        5.830850302100474
1.530000        5.85879465079582
1.535000        5.886814597590648
1.540000        5.914910846328768
1.545000        5.943083119992956
1.550000        5.971332116836907
1.555000        5.99965756701191
1.560000        6.028060163224232
1.565000        6.056539642733004
1.570000        6.085096692739512
1.575000        6.113731057549575
1.580000        6.142443418901646
1.585000        6.171233528086631
1.590000        6.200102061421987
1.595000        6.2290487771216725
1.600000        6.258074346123664
1.605000        6.287178533502431
1.610000        6.316362004857673
1.615000        6.345624532061382
1.620000        6.374966775415821
1.625000        6.404388513527049
1.630000        6.433890401440362
1.635000        6.463472224431957
1.640000        6.493134632330264
1.645000        6.522877417017224
1.650000        6.552701223144087
1.655000        6.582605849133657
1.660000        6.612591934499296
1.665000        6.642659284139317
1.670000        6.672808532468043
1.675000        6.703039490793458
1.680000        6.733352788469261
1.685000        6.763748243146765
1.690000        6.794226479157011
1.695000        6.824787320427806
1.700000        6.855431386305018
1.705000        6.886158506925625
1.710000        6.916969296687313
1.715000        6.94786359186838
1.720000        6.978842001954842
1.725000        7.00990436929796
1.730000        7.041051298508048
1.735000        7.072282637940468
1.740000        7.103598987365274
1.745000        7.135000201072518
1.750000        7.166486874026898
1.755000        7.198058866383221
1.760000        7.2297167683351695
1.765000        7.261460445831808
1.770000        7.293290484329567
1.775000        7.325206755500737
1.780000        7.357209840097671
1.785000        7.389299615444269
1.790000        7.421476657621394
1.795000        7.45374084953237
1.800000        7.486092762618533
1.805000        7.518532285289837
1.810000        7.551059984379442
1.815000        7.583675753730571
1.820000        7.616380155598893
1.825000        7.649173089186906
1.830000        7.682055112202846
1.835000        7.715026129133857
1.840000        7.748086693170137
1.845000        7.7812367140082195
1.850000        7.814476740348979
1.855000        7.847806687022395
1.860000        7.881227098268084
1.865000        7.914737893972855
1.870000        7.948339613942423
1.875000        7.98203218304311
1.880000        8.015816136673411
1.885000        8.049691404601113
1.890000        8.08365851784346
1.895000        8.117717410990924
1.900000        8.151868610704781
1.905000        8.186112056318603
1.910000        8.220448270162304
1.915000        8.25487719623218
1.920000        8.28939935255065
1.925000        8.324014687695527
1.930000        8.358723715404956
1.935000        8.393526388756143
1.940000        8.428423217225507
1.945000        8.463414158306627
1.950000        8.498499717236054
1.955000        8.533679855839761
1.960000        8.568955075135644
1.965000        8.60432534119705
1.970000        8.639791150843852
1.975000        8.675352474310678
1.980000        8.711009804239378
1.985000        8.74676311493862
1.990000        8.78261289489172
1.995000        8.818559122392912
2.000000        8.854602281785983
2.005000        8.890742355260901
2.010000        8.926979823040508
2.015000        8.9633146711193
2.020000        8.999747375617371
2.025000        9.036277926240967
2.030000        9.07290679502545
2.035000        9.109633975294301
2.040000        9.146459935016047
2.045000        9.183384671035043
2.050000        9.220408647270887
2.055000        9.25753186399038
2.060000        9.29475478108235
2.065000        9.332077402135273
2.070000        9.369500183025792
2.075000        9.407023130560717
2.080000        9.444646696623856
2.085000        9.482370891133986
2.090000        9.520196162002545
2.095000        9.558122522150551
2.100000        9.596150415539054
2.105000        9.634279857977628
2.110000        9.672511289501017
2.115000        9.71084472868915
2.120000        9.749280611677271
2.125000        9.78781895969206
2.130000        9.82646020499973
2.135000        9.865204371343747
2.140000        9.90405188715642
2.145000        9.943002778560455
2.150000        9.982057470195436
2.155000        10.021215990416554
2.160000        10.060478760119665
2.165000        10.09984580973449
2.170000        10.139317556472157
2.175000        10.17889403266523
2.180000        10.218575651912019
2.185000        10.258362448259124
2.190000        10.298254831780554
2.195000        10.338252838026843
2.200000        10.37835687365769
2.205000        10.418566975490442
2.210000        10.45888354690841
2.215000        10.499306625724216
2.220000        10.539836612219084
2.225000        10.580473544885123
2.230000        10.621217821123594
2.235000        10.662069479732772
2.240000        10.703028915519138
2.245000        10.744096167138494
2.250000        10.785271627171603
2.255000        10.826555333583443
2.260000        10.86794767721047
2.265000        10.909448694645313
2.270000        10.951058775613195
2.275000        10.992777954473318
2.280000        11.034606620679224
2.285000        11.07654480525104
2.290000        11.118592898493755
2.295000        11.160750926646458
2.300000        11.203019282381657
2.305000        11.245397985248296
2.310000        11.287887432352214
2.315000        11.330487633987527
2.320000        11.37319899453577
2.325000        11.416021511542123
2.330000        11.458955600614232
2.335000        11.502001241722397
2.340000        11.545158867248194
2.345000        11.58842843283253
2.350000        11.631810395505731
2.355000        11.675304677001552
2.360000        11.718911770300497
2.365000        11.76263154947279
2.370000        11.806464559851673
2.375000        11.850410607833812
2.380000        11.894470315186286
2.385000        11.938643391156816
2.390000        11.982930569716896
2.395000        12.027331418998688
2.400000        12.071846838948357
2.405000        12.116476190172207
2.410000        12.161220620399831
2.415000        12.206079181131589
2.420000        12.25105339387818
2.425000        12.296141843684758
2.430000        12.341346622308375
2.435000        12.386665601486396
2.440000        12.432101753402971
2.445000        12.477651844226806
2.450000        12.523320222461024
2.455000        12.569101917242687
2.460000        12.61500345624513
2.465000        12.661017101481725
2.470000        12.707152876244429
2.475000        12.753398571741734
2.480000        12.79976989365792
2.485000        12.846247302303144
2.490000        12.892855868598826
2.495000        12.939563835057744
2.500000        12.986411942473353
2.505000        13.03334765742316
2.510000        13.080438449742218
2.515000        13.127595357309996
2.520000        13.174932941907791
2.525000        13.222294334805554
2.530000        13.269883264114846
2.535000        13.317395660818384
2.540000        13.365237791579094
2.545000        13.413083637490612
2.550000        13.461171404752825
2.555000        13.509056577971855
2.560000        13.557302664362613
2.565000        13.605692327103213
2.570000        13.654160228013467
2.575000        13.702580605677518
2.580000        13.751294874610597
2.585000        13.800393885877785
2.590000        13.849302056049034
2.595000        13.898449237668721
2.600000        13.94763876587843
2.605000        13.997379560748097
2.610000        14.04682615141704
2.615000        14.096663470124067
2.620000        14.14638868693062
2.625000        14.19564414882148
2.630000        14.245559194227969
2.635000        14.295750043118996
2.640000        14.345904502057202
2.645000        14.396503622444573
2.650000        14.44687811093836
2.655000        14.497252908674987
2.660000        14.547846033270176
2.665000        14.598243282996513
2.670000        14.649063285766587
2.675000        14.699972584143254
2.680000        14.750880701049184
2.685000        14.802069636289797
2.690000        14.853165701901766
2.695000        14.904456913644498
2.700000        14.955666994436559
2.705000        15.007045605699584
2.710000        15.05844776451909
2.715000        15.109838055360697
2.720000        15.161290954080098
2.725000        15.213087250026721
2.730000        15.26466543129456
2.735000        15.316669775956594
2.740000        15.368358321238372
2.745000        15.42002920942764
2.750000        15.471847600840938
2.755000        15.52387998984122
2.760000        15.575755048684957
2.765000        15.628117316340333
2.770000        15.680096342422704
2.775000        15.732890475163376
2.780000        15.785059308504582
2.785000        15.837644666997903
2.790000        15.88987538512394
2.795000        15.942136436176686
2.800000        15.994410409666301
2.805000        16.046342334596762
2.810000        16.098703570487288
2.815000        16.151126859892447
2.820000        16.203507811503773
2.825000        16.256132271799245
2.830000        16.308529764457038
2.835000        16.361211926960923
2.840000        16.413510781022996
2.845000        16.4654803680006
2.850000        16.51784058576429
2.855000        16.57107316583103
2.860000        16.62349910335951
2.865000        16.676284140281837
2.870000        16.728835854610093
2.875000        16.781614471734812
2.880000        16.83418407019503
2.885000        16.886790899945098
2.890000        16.939456915888286
2.895000        16.992206077705536
2.900000        17.044825400525085
2.905000        17.097953654873574
2.910000        17.15058961052329
2.915000        17.20259275799568
2.920000        17.255263398203102
2.925000        17.30825300804982
2.930000        17.360863670807316
2.935000        17.413540996073888
2.940000        17.466254925232203
2.945000        17.51955453541463
2.950000        17.572349038087154
2.955000        17.625516240333386
2.960000        17.678252328904307
2.965000        17.731266282706677
2.970000        17.784014637390843
2.975000        17.837285103561413
2.980000        17.88991268929325
2.985000        17.94263186504252
2.990000        17.995332941574123
2.995000        18.047871156365133
3.000000        18.10049191954476
3.005000        18.153297892943208
3.010000        18.206044520583887
3.015000        18.258170973236993
3.020000        18.31102160425781
3.025000        18.364314084437325
3.030000        18.417069863394257
3.035000        18.469541927190292
3.040000        18.522380803878306
3.045000        18.574884807801507
3.050000        18.627670654910112
3.055000        18.680049110791582
3.060000        18.732939617493024
3.065000        18.785890261272915
3.070000        18.838776995952287
3.075000        18.8910857200673
3.080000        18.943937495975508
3.085000        18.997037249216444
3.090000        19.049697091108918
3.095000        19.10224766690017
3.100000        19.15511027250122
3.105000        19.207418577390428
3.110000        19.260125626106507
3.115000        19.31294008901946
3.120000        19.365597014979738
3.125000        19.41679138991053
3.130000        19.46947490510617
3.135000        19.532017551495553
3.140000        19.584739837946
3.145000        19.63711378710155
3.150000        19.689732673370134
3.155000        19.7393475254577
3.160000        19.792036619412638
3.165000        19.844688888770897
3.170000        19.897371666668377
3.175000        19.9500969467489
3.180000        20.002571244567243
3.185000        20.054928424650175
3.190000        20.107449145461203
3.195000        20.15919124881509
3.200000        20.211619225148432
3.205000        20.26307183498948
3.210000        20.315626123034242
3.215000        20.3676392648981
3.220000        20.42010955575735
3.225000        20.473047168844317
3.230000        20.5254195280543
3.235000        20.57741588194689
3.240000        20.62988737770894
3.245000        20.67944141345811
3.250000        20.731903176268236
3.255000        20.784128613715097
3.260000        20.83653137010417
3.265000        20.887918887254468
3.270000        20.940343559070786
3.275000        20.991709365859567
3.280000        21.044579494963777
3.285000        21.096967292442688
3.290000        21.14881948670132
3.295000        21.20116982386171
3.300000        21.253207726098328
3.305000        21.305667681285065
3.310000        21.358096645681208
3.315000        21.41043087772995
3.320000        21.462629026083963
3.325000        21.514859352727836
3.330000        21.56694037738891
3.335000        21.619017853519694
3.340000        21.671175582832376
3.345000        21.723377422445353
3.350000        21.775561710461627
3.355000        21.827460406416936
3.360000        21.87926889655334
3.365000        21.931382942164618
3.370000        21.983374642335928
3.375000        22.035008900196395
3.380000        22.087111820273513
3.385000        22.139230949841476
3.390000        22.191280535844328
3.395000        22.242924332116644
3.400000        22.295021106944837
3.405000        22.347133426520685
3.410000        22.399264781837715
3.415000        22.451145122228425
3.420000        22.50304660542116
3.425000        22.555242721417187
3.430000        22.607285055429685
3.435000        22.65901875481719
3.440000        22.710939196412617
3.445000        22.76013871643616
3.450000        22.812143065153997
3.455000        22.864017955624625
3.460000        22.916029690098895
3.465000        22.96774025803223
3.470000        23.0197265784864
3.475000        23.068945394533536
3.480000        23.120925026657275
3.485000        23.1725998047756
3.490000        23.224755068626855
3.495000        23.276639780165702
3.500000        23.326692917996887
3.505000        23.37859646500202
3.510000        23.429786460101333
3.515000        23.481262190064726
3.520000        23.532347302254287
3.525000        23.584812399378407
3.530000        23.636676003206837
3.535000        23.68869780443167
3.540000        23.7405392341431
3.545000        23.79091784543568
3.550000        23.842806772086497
3.555000        23.89348118280307
3.560000        23.9453150046581
3.565000        23.99609212936962
3.570000        24.047952878198174
3.575000        24.097143045445165
3.580000        24.148892734364026
3.585000        24.20075486863825
3.590000        24.252283777255876
3.595000        24.305122987386987
3.600000        24.356842611324424
3.605000        24.408266114981117
3.610000        24.459800655985617
3.615000        24.511652433815172
3.620000        24.561398190805832
3.625000        24.61324653778258
3.630000        24.665196655217144
3.635000        24.717083300444045
3.640000        24.768836865981186
3.645000        24.820711379581248
3.650000        24.872313551573285
3.655000        24.923993703964918
3.660000        24.975615804968776
3.665000        25.02749989073063
3.670000        25.07860818873781
3.675000        25.13000865560476
3.680000        25.181809472588974
3.685000        25.232783617944897
3.690000        25.284556072552533
3.695000        25.335346667143206
3.700000        25.386801831761858
3.705000        25.43829844181873
3.710000        25.482437349716008
3.715000        25.534235353942343
