0.001000        0.002994437560106533
0.002000        0.005904173562944592
0.003000        0.008814592645236985
0.004000        0.011701761470218841
0.005000        0.014588954697108747
0.006000        0.017465152655734784
0.007000        0.02034140920141425
0.008000        0.023211690635932314
0.009000        0.026082208945711116
0.010000        0.028949366409584343
0.011000        0.03181694646758615
0.012000        0.034682702008220545
0.013000        0.03754904322102348
0.014000        0.04041453131256212
0.015000        0.04328074258298109
0.016000        0.04614674656414941
0.017000        0.049013589077315345
0.018000        0.05188067019308917
0.019000        0.05474868723276849
0.020000        0.05761726018862667
0.021000        0.060486852095095855
0.022000        0.06335723155827111
0.023000        0.06622870144287063
0.024000        0.0691011317757031
0.025000        0.07197471458069593
0.026000        0.07484938945097674
0.027000        0.07772527104660831
0.028000        0.0806023467088437
0.029000        0.08348067679964899
0.030000        0.0863602813050992
0.031000        0.0892411823694399
0.032000        0.09212342209325186
0.033000        0.09500699571463755
0.034000        0.09789196007673517
0.035000        0.10077829152107576
0.036000        0.10366605646694005
0.037000        0.10655521805579582
0.038000        0.10944584866994944
0.039000        0.1123379023116069
0.040000        0.11523145481374186
0.041000        0.11812645393455412
0.042000        0.12102297722864641
0.043000        0.12392096826998156
0.044000        0.12682050516436583
0.045000        0.12972152875973642
0.046000        0.13262411694107712
0.047000        0.13552820885412764
0.048000        0.13843388167452098
0.049000        0.1413410735555054
0.050000        0.14424986067560397
0.051000        0.14716018067815817
0.052000        0.15007210859783982
0.053000        0.1529855818867798
0.054000        0.15590067438687605
0.055000        0.15881732355995481
0.056000        0.16173560207279714
0.057000        0.16465544751372185
0.058000        0.16757693143608599
0.059000        0.17049999161204532
0.060000        0.1734246985710488
0.061000        0.17635099028501777
0.062000        0.17927893636524672
0.063000        0.18220847497109816
0.064000        0.18513967490949312
0.065000        0.18807247449627873
0.066000        0.19100694185006617
0.067000        0.19394301540055103
0.068000        0.19688076269246402
0.069000        0.1998201222200393
0.070000        0.20276116106428965
0.071000        0.20570381773159419
0.072000        0.20864815894347188
0.073000        0.2115941231654741
0.074000        0.21454177685692422
0.075000        0.21749105839073302
0.076000        0.2204420340539066
0.077000        0.2233946420772117
0.078000        0.22634894865763933
0.079000        0.22930489183735858
0.080000        0.23226253779814598
0.081000        0.23522182435060657
0.082000        0.2381828177288554
0.083000        0.2411454554726582
0.084000        0.24410980392910808
0.085000        0.24707580033162024
0.086000        0.2500435111944004
0.087000        0.2530128734127093
0.088000        0.2559839537159263
0.089000        0.25895668863294397
0.090000        0.2619311451507613
0.091000        0.26490725940710647
0.092000        0.26788509868386967
0.093000        0.27086459870603896
0.094000        0.27384582708292093
0.095000        0.27682871910819884
0.096000        0.2798133427467935
0.097000        0.2827996328453075
0.098000        0.28578765774852855
0.099000        0.2887773518427803
0.100000        0.2917687838733958
0.101000        0.2947618877555751
0.102000        0.2977567326526387
0.103000        0.30075325199998204
0.104000        0.30375151539342227
0.105000        0.3067514557818356
0.106000        0.30975314320540726
0.107000        0.312756510121563
0.108000        0.3157616270243526
0.109000        0.3187684258764367
0.110000        0.32177697763308366
0.111000        0.3247872137603398
0.112000        0.327799205680126
0.113000        0.33081288436134315
0.114000        0.3338283216962772
0.115000        0.33684544815733375
0.116000        0.3398643361093363
0.117000        0.34288491552991474
0.118000        0.34590725925722055
0.119000        0.3489312967767777
0.120000        0.35195710139962344
0.121000        0.3549846021227001
0.122000        0.3580138727283959
0.123000        0.36104484172935436
0.124000        0.36407758337679574
0.125000        0.36711202570402435
0.126000        0.37014824342771213
0.127000        0.37318616410738237
0.128000        0.376225862921002
0.129000        0.3792672669604009
0.130000        0.3823104518600111
0.131000        0.38535534425052553
0.132000        0.3884020202174039
0.133000        0.3914504059371655
0.134000        0.3945005779403381
0.135000        0.39755246195658955
0.136000        0.4006061349550887
0.137000        0.40366152222629026
0.138000        0.40671870117117415
0.139000        0.4097775966488779
0.140000        0.41283828648501597
0.141000        0.41590069511554084
0.142000        0.41896490078322124
0.143000        0.4220308275091469
0.144000        0.4250985539455012
0.145000        0.4281680037069986
0.146000        0.4312392558472773
0.147000        0.43431223358329696
0.148000        0.4373870163620044
0.149000        0.44046352701133173
0.150000        0.4435418453632405
0.151000        0.44662189386544604
0.152000        0.44970375272650287
0.153000        0.4527873440227861
0.154000        0.4558727483309202
0.155000        0.45895988736485904
0.156000        0.4620488420607032
0.157000        0.46513953377892747
0.158000        0.4682320438064629
0.159000        0.4713262931592599
0.160000        0.47442236346639177
0.161000        0.47752017540823744
0.162000        0.4806198109473101
0.163000        0.4837211904373504
0.164000        0.4868243961656056
0.165000        0.4899293481680882
0.166000        0.4930361290480807
0.167000        0.49614465853273515
0.168000        0.4992550195326988
0.169000        0.5023671314750846
0.170000        0.5054810775692609
0.171000        0.5085967769510713
0.172000        0.5117143131200059
0.173000        0.5148336049293434
0.174000        0.5179547361601529
0.175000        0.5210776253917793
0.176000        0.5242023566783853
0.177000        0.5273288483339424
0.178000        0.5304571846772852
0.179000        0.5335872837654918
0.180000        0.5367192301737251
0.181000        0.53985294171056
0.182000        0.5429885031992185
0.183000        0.5461258322080784
0.184000        0.5492650138002375
0.185000        0.552405965312083
0.186000        0.5555487720384935
0.187000        0.558693351091982
0.188000        0.5618397879911985
0.189000        0.5649879996328
0.190000        0.5681380717512976
0.191000        0.5712899210354028
0.192000        0.5744436334276735
0.193000        0.5775991254166915
0.194000        0.5807564831453451
0.195000        0.5839156229097924
0.196000        0.5870766310456368
0.197000        0.5902394236642134
0.198000        0.5934040872863324
0.199000        0.5965705378460004
0.200000        0.5997388620418267
0.201000        0.602908975637872
0.202000        0.6060809655032475
0.203000        0.6092547472393477
0.204000        0.6124304078785858
0.205000        0.6156078628668595
0.206000        0.6187871993928002
0.207000        0.6219683327538643
0.208000        0.6251513502879202
0.209000        0.628336167150934
0.210000        0.6315228708231402
0.211000        0.6347113763258552
0.212000        0.6379017712749135
0.213000        0.6410939705637073
0.214000        0.6442880619370204
0.215000        0.6474839601669444
0.216000        0.6506817531206579
0.217000        0.6538813554554661
0.218000        0.6570828551545009
0.219000        0.6602861667666886
0.220000        0.66349137838478
0.221000        0.6666984044556141
0.222000        0.6699073331753347
0.223000        0.6731180788948841
0.224000        0.6763307299076775
0.225000        0.6795452004748448
0.226000        0.6827615789810526
0.227000        0.6859797796035991
0.228000        0.689199890812489
0.229000        0.6924218267070632
0.230000        0.6956456758368521
0.231000        0.6988713522290126
0.232000        0.7020989445068953
0.233000        0.7053283666311394
0.234000        0.7085597072933076
0.235000        0.7117928803930891
0.236000        0.715027974684757
0.237000        0.7182649040125177
0.238000        0.7215037571879446
0.239000        0.7247444480051275
0.240000        0.7279870653276372
0.241000        0.7312315229047179
0.242000        0.7344779096467207
0.243000        0.7377261392632217
0.244000        0.7409763007062402
0.245000        0.7442283076507525
0.246000        0.7474822490854311
0.247000        0.7507380386556406
0.248000        0.7539957653817755
0.249000        0.7572553428844753
0.250000        0.7605168602110304
0.251000        0.7637802309621495
0.252000        0.7670455442072726
0.253000        0.7703127135318866
0.254000        0.7735818280229338
0.255000        0.7768528012552931
0.256000        0.7801257223288438
0.257000        0.783400504812386
0.258000        0.7866772378142635
0.259000        0.7899558349016367
0.260000        0.793236385186928
0.261000        0.7965188022400103
0.262000        0.7998031751730803
0.263000        0.8030894175629957
0.264000        0.8063776185175104
0.265000        0.8096676916246501
0.266000        0.8129597259835926
0.267000        0.8162536351976311
0.268000        0.8195495083533171
0.269000        0.822847259073237
0.270000        0.8261469764273386
0.271000        0.8294485740614412
0.272000        0.832752141024999
0.273000        0.8360575909909311
0.274000        0.8393650129843788
0.275000        0.8426743207091452
0.276000        0.8459856031623225
0.277000        0.8492987740823068
0.278000        0.8526139224344789
0.279000        0.8559309619954618
0.280000        0.8592499816953367
0.281000        0.8625708953525155
0.282000        0.8658937918582659
0.283000        0.8692185850762719
0.284000        0.8725453638555454
0.285000        0.8758740421084656
0.286000        0.8792047086384134
0.287000        0.8825372774098028
0.288000        0.8858718371770866
0.289000        0.889208301959993
0.290000        0.8925467604608119
0.291000        0.8958871267577919
0.292000        0.8992294894978947
0.293000        0.9025737628210333
0.294000        0.9059200353157397
0.295000        0.9092682211866681
0.296000        0.9126184089608866
0.297000        0.9159705129107998
0.298000        0.9193246214990456
0.299000        0.922680649068722
0.300000        0.9260386840151327
0.301000        0.9293986407549575
0.302000        0.9327606076133161
0.303000        0.9361244990832915
0.304000        0.9394904034170395
0.305000        0.9428582351868098
0.306000        0.9462280825690712
0.307000        0.9495998602179423
0.308000        0.9529736562315367
0.309000        0.9563493853484868
0.310000        0.9597271355859505
0.311000        0.9631068217696601
0.312000        0.9664885318332654
0.313000        0.9698721806921284
0.314000        0.9732578561939
0.315000        0.9766454733460463
0.316000        0.9800351199077806
0.317000        0.9834267109810941
0.318000        0.9868203342343769
0.319000        0.9902159048665116
0.320000        0.9936135104527377
0.321000        0.9970130662911441
0.322000        1.0004146598615389
0.323000        1.0038182065634782
0.324000        1.0072237937791098
0.325000        1.010631337011672
0.326000        1.0140409235434777
0.327000        1.0174524689836026
0.328000        1.0208660605123985
0.329000        1.024281613846897
0.330000        1.0276992160634073
0.331000        1.031118782988976
0.332000        1.0345404015938442
0.333000        1.0379639878170916
0.334000        1.0413896285209017
0.335000        1.0448172397583608
0.336000        1.0482469082816568
0.337000        1.0516785502598065
0.338000        1.0551122523331102
0.339000        1.0585479307883965
0.340000        1.0619856721522307
0.341000        1.0654253928310862
0.342000        1.0688671792359887
0.343000        1.0723109478948505
0.344000        1.0757567851013956
0.345000        1.0792046075067265
0.346000        1.0826545012855462
0.347000        1.0861063832138527
0.348000        1.089560339345649
0.349000        1.0930162865835023
0.350000        1.096474310859076
0.351000        1.0999343292031298
0.352000        1.1033964274233945
0.353000        1.1068605226804085
0.354000        1.1103267006564081
0.355000        1.113794878643267
0.356000        1.1172651421962012
0.357000        1.120737408739929
0.358000        1.1242117637011688
0.359000        1.127688124638956
0.360000        1.1311665768500632
0.361000        1.1346470380292821
0.362000        1.1381295933420308
0.363000        1.1416141606202608
0.364000        1.145100824896657
0.365000        1.148589504141695
0.366000        1.1520802832539943
0.367000        1.1555730803438866
0.368000        1.1590679801746155
0.369000        1.162564900997669
0.370000        1.1660639274396445
0.371000        1.1695649778944492
0.372000        1.173068136850798
0.373000        1.1765733228462505
0.374000        1.1800806202304326
0.375000        1.1835899476857534
0.376000        1.187101389421576
0.377000        1.1906148642663297
0.378000        1.1941304562879704
0.379000        1.197648084462088
0.380000        1.2011678327141162
0.381000        1.2046896201679118
0.382000        1.2082135306053061
0.383000        1.2117394832995014
0.384000        1.2152675618876732
0.385000        1.218797685793417
0.386000        1.2223299385082278
0.387000        1.2258642396071142
0.388000        1.2294006724348954
0.389000        1.2329391567189862
0.390000        1.236479775656564
0.391000        1.2400224491284089
0.392000        1.2435672601831183
0.393000        1.2471141288557792
0.394000        1.2506631380454891
0.395000        1.2542142079425531
0.396000        1.257767421295684
0.397000        1.2613226984512913
0.398000        1.26488012200684
0.399000        1.2684396124656985
0.400000        1.2720012522732524
0.401000        1.2755649620906677
0.402000        1.2791308242104318
0.403000        1.2826987594523178
0.404000        1.2862688499551282
0.405000        1.2898410166980323
0.406000        1.293415341665387
0.407000        1.2969917459965128
0.408000        1.3005703115205822
0.409000        1.304150959537811
0.410000        1.3077337717214643
0.411000        1.3113186695333692
0.412000        1.3149057344901927
0.413000        1.318494888216069
0.414000        1.322086212070392
0.415000        1.3256796278402732
0.416000        1.329275216727181
0.417000        1.3328729006818598
0.418000        1.336472760747224
0.419000        1.3400747190382738
0.420000        1.343678856438764
0.421000        1.347285095228564
0.422000        1.3508935161316735
0.423000        1.354504041593426
0.424000        1.3581167521774944
0.425000        1.3617315704952446
0.426000        1.3653485769494775
0.427000        1.3689676943181404
0.428000        1.3725890028426306
0.429000        1.3762124254680081
0.430000        1.3798380422737555
0.431000        1.3834657763725602
0.432000        1.387095707681496
0.433000        1.390727759481372
0.434000        1.394362011526379
0.435000        1.3979983872659236
0.436000        1.4016369662908534
0.437000        1.4052776722196363
0.438000        1.408920584479338
0.439000        1.412565626857928
0.440000        1.416212878618266
0.441000        1.419862263718251
0.442000        1.4235138612561258
0.443000        1.42716759536013
0.444000        1.4308235449635038
0.445000        1.4344816343652145
0.446000        1.438141942333127
0.447000        1.4418043933373177
0.448000        1.4454690659799123
0.449000        1.4491358849024607
0.450000        1.4528049285410027
0.451000        1.4564761217089117
0.452000        1.4601495426758166
0.453000        1.4638251164272393
0.454000        1.467502921066087
0.455000        1.4711828817503516
0.456000        1.4748650764159148
0.457000        1.4785494303935423
0.458000        1.4822360214518024
0.459000        1.4859247750945244
0.460000        1.4896157689226985
0.461000        1.4933089286134908
0.462000        1.4970043316000492
0.463000        1.5007019037331464
0.464000        1.5044017222778425
0.465000        1.5081037132587607
0.466000        1.511807953772644
0.467000        1.515514370018204
0.468000        1.5192230389236485
0.469000        1.5229338868620008
0.470000        1.5266469905927238
0.471000        1.530362276663368
0.472000        1.534079821664454
0.473000        1.537799552318262
0.474000        1.5415215450461872
0.475000        1.5452457267454225
0.476000        1.548972173668071
0.477000        1.5527008128864193
0.478000        1.556431720483113
0.479000        1.5601648237056978
0.480000        1.5639001984672163
0.481000        1.5676377721906238
0.482000        1.5713776206192236
0.483000        1.5751196713515263
0.484000        1.5788639999609657
0.485000        1.5826105342217431
0.486000        1.5863593495373074
0.487000        1.590110373857673
0.488000        1.5938636824161936
0.489000        1.5976192033388088
0.490000        1.6013770116886867
0.491000        1.6051370357677968
0.492000        1.608899350469029
0.493000        1.612663884270475
0.494000        1.6164307118946741
0.495000        1.62019976199592
0.496000        1.6239711091263356
0.497000        1.6277446821164947
0.498000        1.631520555348036
0.499000        1.635298657827887
0.500000        1.6390790637671557
0.501000        1.642861702349169
0.502000        1.6466466476144692
0.503000        1.650433828922834
0.504000        1.6542233201442027
0.505000        1.6580150508148428
0.506000        1.6618090946340693
0.507000        1.6656053813146752
0.508000        1.6694039843853314
0.509000        1.673204833735376
0.510000        1.6770080027228307
0.511000        1.6808134214135944
0.512000        1.6846211629950396
0.513000        1.6884311577096387
0.514000        1.6922434785741203
0.515000        1.696058056007523
0.516000        1.6998749628559509
0.517000        1.7036941297150054
0.518000        1.7075156292601879
0.519000        1.711339392263648
0.520000        1.7151654912303105
0.521000        1.7189938571088543
0.522000        1.7228245622336669
0.523000        1.7266575377299223
0.524000        1.730492855761515
0.525000        1.734330447630084
0.526000        1.738170385329079
0.527000        1.7420126003365635
0.528000        1.7458571644755967
0.529000        1.7497040094006167
0.530000        1.7535532067643587
0.531000        1.7574046883975818
0.532000        1.7612585257827664
0.533000        1.765114650926927
0.534000        1.7689731351423692
0.535000        1.7728339106123006
0.536000        1.7766970484789262
0.537000        1.7805624811015743
0.538000        1.7844302794524403
0.539000        1.7883003760668945
0.540000        1.7921728417472131
0.541000        1.796047609204729
0.542000        1.7999247490718968
0.543000        1.8038041942359175
0.544000        1.8076860151595326
0.545000        1.811570144905719
0.546000        1.81545665376761
0.547000        1.819345474983857
0.548000        1.8232366786781018
0.549000        1.8271301982645713
0.550000        1.831026103697532
0.551000        1.8349243285666716
0.552000        1.8388249426570074
0.553000        1.8427278797335749
0.554000        1.846633209412273
0.555000        1.8505408656333664
0.556000        1.8544509178437636
0.557000        1.8583633001588389
0.558000        1.8622780818566493
0.559000        1.8661951972275475
0.560000        1.8701147153808826
0.561000        1.8740365707818558
0.562000        1.8779608323712544
0.563000        1.8818874347889878
0.564000        1.8858164468074357
0.565000        1.889747803241077
0.566000        1.8936815726940353
0.567000        1.8976176901552169
0.568000        1.901556224060645
0.569000        1.9054971095735027
0.570000        1.9094404149618853
0.571000        1.9133860755630963
0.572000        1.9173341594774627
0.573000        1.921284602216259
0.574000        1.9252374717122152
0.575000        1.9291927036504148
0.576000        1.9331503657961644
0.577000        1.9371103940081937
0.578000        1.9410728558845651
0.579000        1.9450376874574857
0.580000        1.949004956157955
0.581000        1.9529745981914886
0.582000        1.9569466808222042
0.583000        1.9609211404287556
0.584000        1.9648980441085673
0.585000        1.9688773284132512
0.586000        1.9728590602737324
0.587000        1.9768431764144019
0.588000        1.9808297435998767
0.589000        1.9848186987271443
0.590000        1.9888101083947092
0.591000        1.9928039096719719
0.592000        1.996800168991527
0.593000        2.000798823594998
0.594000        2.004799939749267
0.595000        2.0088034548679925
0.596000        2.012809435052551
0.597000        2.016817817888443
0.598000        2.020828669311747
0.599000        2.0248419270796045
0.600000        2.028857656963009
0.601000        2.0328757968905453
0.602000        2.0368964124683373
0.603000        2.040919441796209
0.604000        2.0449449503156245
0.605000        2.0489728762974533
0.606000        2.0530032850187148
0.607000        2.057036114921111
0.608000        2.0610714311174423
0.609000        2.065109172220037
0.610000        2.069149403177697
0.611000        2.073192062773165
0.612000        2.0772372157914685
0.613000        2.0812848011855536
0.614000        2.0853348835769
0.615000        2.0893874020884446
0.616000        2.093442421178345
0.617000        2.09749988013931
0.618000        2.1015598432664095
0.619000        2.1056222500219057
0.620000        2.1096871645380144
0.621000        2.1137545264463284
0.622000        2.117824399716442
0.623000        2.1218967241490603
0.624000        2.125971563551392
0.625000        2.13004885789303
0.626000        2.1341286708190346
0.627000        2.1382109424676585
0.628000        2.1422957363220565
0.629000        2.146382992688917
0.630000        2.1504727748897263
0.631000        2.1545650233993783
0.632000        2.1586598013779366
0.633000        2.1627570494682686
0.634000        2.166856830669259
0.635000        2.1709590857915213
0.636000        2.1750638776730042
0.637000        2.1791711472918305
0.638000        2.183280957325266
0.639000        2.187393248918708
0.640000        2.1915080845889836
0.641000        2.1956254056485296
0.642000        2.1997452744539885
0.643000        2.2038676324845987
0.644000        2.207992541937065
0.645000        2.2121199444571893
0.646000        2.2162499020819943
0.647000        2.220382356623606
0.648000        2.224517369959619
0.649000        2.2286548840682414
0.650000        2.2327949606678903
0.651000        2.236937541902618
0.652000        2.2410826893319253
0.653000        2.2452303452654583
0.654000        2.2493805711040586
0.655000        2.2535333093227283
0.656000        2.2576886211639042
0.657000        2.2618464492676953
0.658000        2.2660068547183965
0.659000        2.270169780320982
0.660000        2.274335287001861
0.661000        2.278503317730623
0.662000        2.282673933276058
0.663000        2.286847076772119
0.664000        2.2910228088302382
0.665000        2.295201072748487
0.666000        2.2993819289812034
0.667000        2.303565320990325
0.668000        2.307751309073355
0.669000        2.3119398368558546
0.670000        2.3161309644787558
0.671000        2.3203246357309872
0.672000        2.324520910597183
0.673000        2.3287197330293807
0.674000        2.332921162856181
0.675000        2.3371251441924823
0.676000        2.341331736711119
0.677000        2.3455408846895978
0.678000        2.349752647645248
0.679000        2.3539669700179378
0.680000        2.358183911169757
0.681000        2.3624034157026763
0.682000        2.366625542823824
0.683000        2.370850237297013
0.684000        2.3750775581746773
0.685000        2.3793074503822194
0.686000        2.3835399728176476
0.687000        2.3877750705677023
0.688000        2.3920128023762324
0.689000        2.3962531134910563
0.690000        2.400496062502139
0.691000        2.4047415948181214
0.692000        2.4089897688753545
0.693000        2.4132405302430424
0.694000        2.4174939372041937
0.695000        2.42174993548832
0.696000        2.426008583225361
0.697000        2.4302698263048743
0.698000        2.4345337227040034
0.699000        2.438800218472096
0.700000        2.4430693714337703
0.701000        2.4473411277979054
0.702000        2.4516155452368693
0.703000        2.455892570118813
0.704000        2.4601722599641267
0.705000        2.4644545612999718
0.706000        2.4687395314950393
0.707000        2.4730271172352403
0.708000        2.477317375737835
0.709000        2.4816102538472293
0.710000        2.4859058086295285
0.711000        2.490203987087371
0.712000        2.4945048461359853
0.713000        2.4988083329359796
0.714000        2.503114504251972
0.715000        2.507423307402286
0.716000        2.511734799001214
0.717000        2.5160489265245296
0.718000        2.520365746436468
0.719000        2.524685206369991
0.720000        2.5290073626395575
0.721000        2.533332163035057
0.722000        2.5376596637214472
0.723000        2.5419898126452836
0.724000        2.546322665822297
0.725000        2.550658171355451
0.726000        2.554996385111524
0.727000        2.5593372553496216
0.728000        2.5636808377878513
0.729000        2.568027080841201
0.730000        2.57237604007938
0.731000        2.5767276640729992
0.732000        2.581082008243639
0.733000        2.5854390213172778
0.734000        2.589798758567648
0.735000        2.594161168875825
0.736000        2.5985263073679725
0.737000        2.602894123080006
0.738000        2.6072646709907925
0.739000        2.611637900290823
0.740000        2.616013865811949
0.741000        2.620392516898974
0.742000        2.624773908237014
0.743000        2.6291579893249217
0.744000        2.633544814701347
0.745000        2.6379343340189347
0.746000        2.642326601670149
0.747000        2.6467215674611673
0.748000        2.651119285638538
0.749000        2.6555197061617086
0.750000        2.6599228831315926
0.751000        2.6643287666606437
0.752000        2.6687374107044164
0.753000        2.6731487655281114
0.754000        2.677562884942203
0.755000        2.681979719364378
0.756000        2.6863993224603
0.757000        2.6908216447998807
0.758000        2.6952467399042543
0.759000        2.699674558495296
0.760000        2.7041051539498877
0.761000        2.7085384771416052
0.762000        2.712974581303353
0.763000        2.717413417460147
0.764000        2.7218550387011895
0.765000        2.7262993962026805
0.766000        2.730746542910392
0.767000        2.735196430151449
0.768000        2.7396491107284717
0.769000        2.7441045361192433
0.770000        2.7485627589835104
0.771000        2.7530237309494563
0.772000        2.7574875045342253
0.773000        2.761954031516149
0.774000        2.7664233642700413
0.775000        2.770895454724114
0.776000        2.775370355111132
0.777000        2.7798480175089306
0.778000        2.7843284940084967
0.779000        2.788811736837033
0.780000        2.7932977979440246
0.781000        2.797786629705774
0.782000        2.8022782839305407
0.783000        2.8067727131434754
0.784000        2.8112699690118834
0.785000        2.8157700042095026
0.786000        2.8202728702629614
0.787000        2.824778519994327
0.788000        2.829287004789821
0.789000        2.8337982776195787
0.790000        2.838312389729696
0.791000        2.84282929423812
0.792000        2.8473490422510856
0.793000        2.8518715870340987
0.794000        2.856396979553807
0.795000        2.8609251732230163
0.796000        2.865456218869065
0.797000        2.869990070051795
0.798000        2.8745267774595096
0.799000        2.879066294798834
0.800000        2.883608672619305
0.801000        2.8881538647740754
0.802000        2.8927019216741847
0.803000        2.8972527973190605
0.804000        2.901806541981525
0.805000        2.9063631098070157
0.806000        2.910922550930403
0.807000        2.915484819642888
0.808000        2.9200499659416614
0.809000        2.924617944263428
0.810000        2.929188804467973
0.811000        2.933762501137247
0.812000        2.9383390839939025
0.813000        2.942918507764885
0.814000        2.9475008220359786
0.815000        2.9520859816788683
0.816000        2.9566740361427453
0.817000        2.961264940443778
0.818000        2.965858743894838
0.819000        2.97045540165632
0.820000        2.975054962905043
0.821000        2.97965738294538
0.822000        2.9842627108183635
0.823000        2.9888709019720867
0.824000        2.99348200531208
0.825000        2.998095976429898
0.826000        3.002712864095823
0.827000        3.0073326240446363
0.828000        3.0119553049116394
0.829000        3.016580862574573
0.830000        3.021209345534041
0.831000        3.025840709810492
0.832000        3.0304750037700945
0.833000        3.0351121835757535
0.834000        3.039752297459467
0.835000        3.0443953017263503
0.836000        3.049041244474502
0.837000        3.0536900821509914
0.838000        3.058341862720283
0.839000        3.0629965427711525
0.840000        3.0676541701346984
0.841000        3.0723147015411474
0.842000        3.076978184688505
0.843000        3.0816445764482
0.844000        3.086313924385406
0.845000        3.090986185512504
0.846000        3.095661407262101
0.847000        3.100339546787284
0.848000        3.105020651388365
0.849000        3.109704678358881
0.850000        3.114391674867111
0.851000        3.119081598346794
0.852000        3.12377449583445
0.853000        3.128470324903768
0.854000        3.1331691324597717
0.855000        3.137870876215855
0.856000        3.1425756029458043
0.857000        3.1472832705024736
0.858000        3.1519939255286786
0.859000        3.1567075260164827
0.860000        3.161424118477999
0.861000        3.1661436610442486
0.862000        3.170866200096908
0.863000        3.1755916939057105
0.864000        3.1803201887221633
0.865000        3.185051642954459
0.866000        3.189786102724195
0.867000        3.194523526577786
0.868000        3.199263960507178
0.869000        3.2040073631967605
0.870000        3.208753780509099
0.871000        3.2135031712663054
0.872000        3.2182555812018236
0.873000        3.223010969275249
0.874000        3.227769381091168
0.875000        3.23253077574641
0.876000        3.237295198716966
0.877000        3.2420626092366547
0.878000        3.2468330526531375
0.879000        3.2516064883369733
0.880000        3.2563829615077537
0.881000        3.261162431672542
0.882000        3.2659449439231185
0.883000        3.270730457902797
0.884000        3.2755190185758174
0.885000        3.2803105857215016
0.886000        3.285105204176805
0.887000        3.2899028338568126
0.888000        3.294703519471458
0.889000        3.299507221071355
0.890000        3.3043139832396697
0.891000        3.309123766162294
0.892000        3.313936614295889
0.893000        3.318752487961392
0.894000        3.323571431489217
0.895000        3.328393405335092
0.896000        3.333218453703454
0.897000        3.3380465371845816
0.898000        3.342877699857187
0.899000        3.347711902445859
0.900000        3.3525491889038506
0.901000        3.357389520089816
0.902000        3.3622329398318023
0.903000        3.367079409122292
0.904000        3.3719289716643885
0.905000        3.3767815885841586
0.906000        3.381637303460021
0.907000        3.386496077551385
0.908000        3.391357954312239
0.909000        3.3962228951351037
0.910000        3.401090943349793
0.911000        3.4059620604816896
0.912000        3.4108362897367
0.913000        3.41571359277283
0.914000        3.4205940126723284
0.915000        3.425477511225589
0.916000        3.430364131391464
0.917000        3.435253835092489
0.918000        3.4401466651643773
0.919000        3.4450425836615697
0.920000        3.449941633296902
0.921000        3.454843776256478
0.922000        3.459749055130505
0.923000        3.4646574322365176
0.924000        3.4695689500423548
0.925000        3.474483570996739
0.926000        3.479401337445399
0.927000        3.4843222119680064
0.928000        3.489246236788432
0.929000        3.4941733746170662
0.930000        3.4991036675561737
0.931000        3.50403707844662
0.932000        3.5089736492693273
0.933000        3.5139133429954033
0.934000        3.518856201484674
0.935000        3.5238021878382515
0.936000        3.5287513437951272
0.937000        3.5337036325861764
0.938000        3.5386590958298125
0.939000        3.5436176968864395
0.940000        3.548579477254142
0.941000        3.55354440042262
0.942000        3.5585125077698905
0.943000        3.5634837629147036
0.944000        3.5684582071152597
0.945000        3.573435804119134
0.946000        3.57841659506496
0.947000        3.583400543828901
0.948000        3.5883876914302792
0.949000        3.5933780018736083
0.950000        3.598371516059153
0.951000        3.603368198119549
0.952000        3.608368088836258
0.953000        3.6133711524697887
0.954000        3.6183774296830595
0.955000        3.6233868848642263
0.956000        3.628399558557904
0.957000        3.633415415279668
0.958000        3.6384344954560888
0.959000        3.643456763729919
0.960000        3.6484822604099367
0.961000        3.65351095026584
0.962000        3.6585428734888676
0.963000        3.66357799497543
0.964000        3.6686163547994752
0.965000        3.6736579179838955
0.966000        3.678702724485607
0.967000        3.6837507394537425
0.968000        3.688802002728435
0.969000        3.6938564795848308
0.970000        3.698914209746528
0.971000        3.7039751586144583
0.972000        3.7090393657959346
0.973000        3.714106796817438
0.974000        3.719177491170253
0.975000        3.724251414506176
0.976000        3.7293286062007116
0.977000        3.734409032030742
0.978000        3.73949273125624
0.979000        3.7445796697789433
0.980000        3.749669886743547
0.981000        3.754763348176409
0.982000        3.759860093107198
0.983000        3.7649600876866653
0.984000        3.7700633708296962
0.985000        3.775169908811204
0.986000        3.7802797404315474
0.987000        3.7853928320895687
0.988000        3.7905092224713464
0.989000        3.795628878099423
0.990000        3.8007518375458478
0.991000        3.8058780674566357
0.992000        3.811007606290053
0.993000        3.816140420815353
0.994000        3.8212765493772736
0.995000        3.826415958868079
0.996000        3.831558687519223
0.997000        3.8367047023457523
0.998000        3.8418540414660836
0.999000        3.847006672017816
1.000000        3.852162632006584
1.001000        3.857321888692308
1.002000        3.862484479968087
1.003000        3.867650373215932
1.004000        3.872819606216657
1.005000        3.8779921464741385
1.006000        3.8831680316571475
1.007000        3.888347229391197
1.008000        3.893529777233267
1.009000        3.8987156429302807
1.010000        3.903904863927673
1.011000        3.9090974080935474
1.012000        3.914293312762041
1.013000        3.9194925459222105
1.014000        3.924695144797143
1.015000        3.92990107749662
1.016000        3.9351103811329295
1.017000        3.940323023936349
1.018000        3.9455390429086066
1.019000        3.9507584064002543
1.020000        3.9559811513027157
1.021000        3.9612072460865857
1.022000        3.966436727533221
1.023000        3.971669564233034
1.024000        3.9769057928575737
1.025000        3.982145382116835
1.026000        3.9873883685728018
1.027000        3.9926347210548325
1.028000        3.9978844760155887
1.029000        4.003137602403564
1.030000        4.008394136562352
1.031000        4.0136540475593545
1.032000        4.018917371629328
1.033000        4.024184077958369
1.034000        4.029454202672648
1.035000        4.034727715076718
1.036000        4.040004651188417
1.037000        4.045284980430527
1.038000        4.050568738712794
1.039000        4.055855895576016
1.040000        4.0611464868220875
1.041000        4.066440482109588
1.042000        4.071737917132815
1.043000        4.0770387616679
1.044000        4.082343051301796
1.045000        4.08765075592796
1.046000        4.092961911026235
1.047000        4.098276486607187
1.048000        4.103594518043792
1.049000        4.108915975463505
1.050000        4.114240894132681
1.051000        4.119569244295434
1.052000        4.124901061111741
1.053000        4.130236314942152
1.054000        4.135575040840514
1.055000        4.1409172092835895
1.056000        4.146262855219344
1.057000        4.151611949240513
1.058000        4.156964526189434
1.059000        4.162320556774603
1.060000        4.167680075732953
1.061000        4.173043053888529
1.062000        4.178409525873111
1.063000        4.1837794626260525
1.064000        4.189152898674228
1.065000        4.1945298050720865
1.066000        4.19991021624184
1.067000        4.2052941033528
1.068000        4.210681500722762
1.069000        4.216072379635689
1.070000        4.22146677430519
1.071000        4.226864656129656
1.072000        4.232266059218764
1.073000        4.2376709550851075
1.074000        4.24307937773467
1.075000        4.2484912987940255
1.076000        4.253906752165717
1.077000        4.259325709590065
1.078000        4.264748204866413
1.079000        4.2701742098486175
1.080000        4.275603758233061
1.081000        4.281036821986914
1.082000        4.286473434703842
1.083000        4.291913568464103
1.084000        4.29735725675889
1.085000        4.302804471781329
1.086000        4.308255246920384
1.087000        4.313709554481825
1.088000        4.3191674277526335
1.089000        4.3246288391510035
1.090000        4.330093821862167
1.091000        4.335562348416522
1.092000        4.3410344518978015
1.093000        4.346510104948386
1.094000        4.351989340550746
1.095000        4.357472131459028
1.096000        4.362958510554682
1.097000        4.368448450703392
1.098000        4.373941984685839
1.099000        4.379439085479023
1.100000        4.384939785763093
1.101000        4.390444058626148
1.102000        4.395951936648043
1.103000        4.401463393027761
1.104000        4.4069784602451065
1.105000        4.412497111609717
1.106000        4.418019379501599
1.107000        4.4235452373408215
1.108000        4.429074717407822
1.109000        4.434607793232896
1.110000        4.440144496997155
1.111000        4.445684802340891
1.112000        4.451228741346132
1.113000        4.456776287762953
1.114000        4.462327473574538
1.115000        4.467882272640519
1.116000        4.47344071684549
1.117000        4.479002780158414
1.118000        4.484568494365533
1.119000        4.4901378335449245
1.120000        4.495710829384713
1.121000        4.501287456071882
1.122000        4.506867745196679
1.123000        4.5124516710547695
1.124000        4.518039265138764
1.125000        4.523630501852791
1.126000        4.529225412592071
1.127000        4.534823971868972
1.128000        4.54042621098157
1.129000        4.546032104550251
1.130000        4.551641683776179
1.131000        4.557254923387546
1.132000        4.562871854488847
1.133000        4.568492451915867
1.134000        4.574116746676664
1.135000        4.579744713714394
1.136000        4.585376383940929
1.137000        4.591011732406569
1.138000        4.596650789927246
1.139000        4.602293531660184
1.140000        4.607939988325608
1.141000        4.613590135187463
1.142000        4.619244002870506
1.143000        4.624901566745175
1.144000        4.630562857340994
1.145000        4.636227850134688
1.146000        4.641896575560795
1.147000        4.647569009202094
1.148000        4.653245181398379
1.149000        4.658925067838275
1.150000        4.66460869876707
1.151000        4.670296049979012
1.152000        4.675987151625119
1.153000        4.681681979605049
1.154000        4.687380563975797
1.155000        4.693082880742212
1.156000        4.6987889598675014
1.157000        4.704498777461486
1.158000        4.7102123633938255
1.159000        4.715929693879103
1.160000        4.721650798693668
1.161000        4.727375654156644
1.162000        4.733104289951312
1.163000        4.73883668250112
1.164000        4.744572861396518
1.165000        4.750312803165061
1.166000        4.756056537304618
1.167000        4.761804040446631
1.168000        4.767555341996614
1.169000        4.773310418689686
1.170000        4.779069299839255
1.171000        4.784831962283892
1.172000        4.790598435245139
1.173000        4.796368695664807
1.174000        4.802142772672804
1.175000        4.80792064331397
1.176000        4.813702336626822
1.177000        4.819487829759005
1.178000        4.825277151657886
1.179000        4.831070279573703
1.180000        4.836867242362906
