0.002500        0.006567128449962212
0.005000        0.012953563185387651
0.007500        0.01935525524429238
0.010000        0.025713275165637484
0.012500        0.032084218020830946
0.015000        0.03843866702147558
0.017500        0.04480448896960887
0.020000        0.05116444880574278
0.022500        0.057534649160214
0.025000        0.06390428126266734
0.027500        0.07028335848961476
0.030000        0.07666489264220822
0.032500        0.0830553235147935
0.035000        0.08945010002039844
0.037500        0.09585339580137564
0.040000        0.10226228887829159
0.042500        0.10867943974234606
0.045000        0.11510305290237
0.047500        0.12153474110556317
0.050000        0.1279735081712765
0.052500        0.13442022168950452
0.055000        0.14087446428560213
0.057500        0.1473365626737646
0.060000        0.15380652549813512
0.062500        0.16028428057988897
0.065000        0.16677015427560526
0.067500        0.17326377651410318
0.070000        0.17976571310053302
0.072500        0.18627536930541844
0.075000        0.192793492885448
0.077500        0.1993193184193469
0.080000        0.2058537327586194
0.082500        0.21239584011929935
0.085000        0.21894663408890835
0.087500        0.22550511903414971
0.090000        0.23207237056019459
0.092500        0.2386473165294838
0.095000        0.24523109548128197
0.097500        0.25182257681663955
0.100000        0.2584229471309385
0.102500        0.265031031439646
0.105000        0.2716480526895637
0.107500        0.27827280258717835
0.110000        0.2849065311446619
0.112500        0.2915480055467299
0.115000        0.2981984954458188
0.117500        0.304856750528689
0.120000        0.31152405410759876
0.122500        0.3181991440253231
0.125000        0.3248833124045394
0.127500        0.3315752898251567
0.130000        0.3382763732636196
0.132500        0.3449852897712322
0.135000        0.35170333793175423
0.137500        0.35842924432857615
0.140000        0.3651643064756076
0.142500        0.37190725300926886
0.145000        0.37865937815616846
0.147500        0.3854194146910661
0.150000        0.39218865170970396
0.152500        0.398965827856383
0.155000        0.40575222555862034
0.157500        0.4125465907716279
0.160000        0.4193501979698091
0.162500        0.4261618016218378
0.165000        0.43298266717362566
0.167500        0.43981155861180277
0.170000        0.44664973145335374
0.172500        0.4534959600420603
0.175000        0.4603514892125169
0.177500        0.4672151043660584
0.180000        0.4740880390255793
0.182500        0.4809690902331756
0.185000        0.48785947967617105
0.187500        0.49475801652113915
0.190000        0.5016659101859666
0.192500        0.508581982360516
0.195000        0.5155074298365463
0.197500        0.5224410871532434
0.200000        0.5293841381859963
0.202500        0.536335430586691
0.205000        0.5432961350815564
0.207500        0.5502651126444018
0.210000        0.557243520669326
0.212500        0.5642302336143175
0.215000        0.5712263954017338
0.217500        0.5782308940951477
0.220000        0.5852448600433693
0.222500        0.5922671950013321
0.225000        0.5992990156755589
0.227500        0.6063392375669743
0.230000        0.613388963700018
0.232500        0.6204471233489812
0.235000        0.6275148058418107
0.237500        0.6345909542296368
0.240000        0.6416766441517883
0.242500        0.6487708324187409
0.245000        0.6558745810086464
0.247500        0.6629868604554243
0.250000        0.6701087191206838
0.252500        0.6772391412097338
0.255000        0.6843791615273549
0.257500        0.6915277778840299
0.260000        0.6986860116006639
0.262500        0.7058528740142744
0.265000        0.7130293730464334
0.267500        0.7202145334712018
0.270000        0.7274093499054928
0.272500        0.7346128604614321
0.275000        0.7418260465547935
0.277500        0.749047959528534
0.280000        0.7562795677084857
0.282500        0.763519935554049
0.285000        0.7707700184189559
0.287500        0.7780288937584849
0.290000        0.7852975040778354
0.292500        0.7925749397022965
0.295000        0.799862130416999
0.297500        0.8071581792868514
0.300000        0.8144640035095438
0.302500        0.8217787187553895
0.305000        0.8291032297707588
0.307500        0.8364366646939718
0.310000        0.8437799159590984
0.312500        0.8511321240324303
0.315000        0.8584941691771277
0.317500        0.8658652040453099
0.320000        0.8732460968724993
0.322500        0.8806360123528219
0.325000        0.8880358068388965
0.327500        0.8954446569217787
0.330000        0.9028634072169979
0.332500        0.9102912460665529
0.335000        0.917729006495426
0.337500        0.9251758884500116
0.340000        0.9326327135117083
0.342500        0.9400986930844724
0.345000        0.9475746374532328
0.347500        0.955059769332653
0.350000        0.9625548878582073
0.352500        0.9700592269086226
0.355000        0.977573574616617
0.357500        0.985097175878753
0.360000        0.9926308079711834
0.362500        1.000173726662677
0.365000        1.0077266985183222
0.367500        1.015288990034236
0.370000        1.0228613572091128
0.372500        1.0304430771224542
0.375000        1.038034895350254
0.377500        1.0456360994124818
0.380000        1.053247424605031
0.382500        1.0608681687465626
0.385000        1.0684990569942823
0.387500        1.0761393973250009
0.390000        1.0837899048973636
0.392500        1.09144989770712
0.395000        1.0991200810531137
0.397500        1.1067997828122245
0.400000        1.114489698560826
0.402500        1.1221891659205738
0.405000        1.1298988708812132
0.407500        1.1376181606743394
0.410000        1.1453477118373794
0.412500        1.1530868810785861
0.415000        1.160836335615791
0.417500        1.1685954415022248
0.420000        1.176364856767247
0.422500        1.1841439566790015
0.425000        1.1919333902078524
0.427500        1.1997325417084497
0.430000        1.2075420512199866
0.432500        1.2153613120568725
0.435000        1.2231909554532816
0.437500        1.2310303835583145
0.440000        1.2388802189255905
0.442500        1.2467398724155263
0.445000        1.2546099580239627
0.447500        1.2624898952009467
0.450000        1.2703802895056224
0.452500        1.2782805688576708
0.455000        1.2861913304989354
0.457500        1.2941120107004274
0.460000        1.3020431985043928
0.462500        1.3099843384165535
0.465000        1.3179360113955774
0.467500        1.3258976700669596
0.470000        1.3338698874201445
0.472500        1.3418521240871186
0.475000        1.3498449452007932
0.477500        1.3578478192880272
0.480000        1.3658613037362421
0.482500        1.373884874857188
0.485000        1.3819190824022094
0.487500        1.3899634103595826
0.490000        1.3980184009523757
0.492500        1.4060835457386442
0.495000        1.414159379519372
0.497500        1.4222454013172356
0.500000        1.4303421386157495
0.502500        1.4384490977986175
0.505000        1.4465667991349456
0.507500        1.4546947562674273
0.510000        1.4628334823522717
0.512500        1.4709824981906525
0.515000        1.4791423099258783
0.517500        1.487312445418599
0.520000        1.4954934038977221
0.522500        1.5036847201858663
0.525000        1.5118868866945512
0.527500        1.5200994451123169
0.530000        1.528322881128867
0.532500        1.5365567432040557
0.535000        1.544801510399898
0.537500        1.5530567378543854
0.540000        1.5613228980945681
0.542500        1.5695995528447906
0.545000        1.5778871681884716
0.547500        1.5861853123459024
0.550000        1.594494445046836
0.552500        1.6028141409184595
0.555000        1.6111448534254897
0.557500        1.6194861635142814
0.560000        1.627838518471826
0.562500        1.636201505477235
0.565000        1.644575565725777
0.567500        1.652960292544197
0.570000        1.66135612112077
0.572500        1.6697626508460157
0.575000        1.6781803109846951
0.577500        1.686608706908478
0.580000        1.6950482620408618
0.582500        1.703498587653268
0.585000        1.7119601014089625
0.587500        1.7204324203989252
0.590000        1.7289159566060324
0.592500        1.7374103328618027
0.595000        1.745915955547403
0.597500        1.754432453157028
0.600000        1.762960226547662
0.602500        1.7714989097994547
0.605000        1.7800488983216063
0.607500        1.7886098317046137
0.610000        1.7971820999851893
0.612500        1.8057653481896683
0.615000        1.8143599610564802
0.617500        1.8229655889743661
0.620000        1.8315826114566072
0.622500        1.8402106841819794
0.625000        1.848850181510704
0.627500        1.8575007643402603
0.630000        1.8661628019488603
0.632500        1.874835960382379
0.635000        1.8835206039070584
0.637500        1.892216403647863
0.640000        1.9009237189281158
0.642500        1.9096422258835464
0.645000        1.9183722789626234
0.647500        1.9271135592444963
0.650000        1.9358664163698869
0.652500        1.944630536294957
0.655000        1.9534062639188505
0.657500        1.962193290009278
0.660000        1.9709919547890387
0.662500        1.9798019537728457
0.665000        1.9886236225714775
0.667500        1.9974566613830085
0.670000        2.006301401269626
0.672500        2.015157547050004
0.675000        2.024025425300291
0.677500        2.0329047453978806
0.680000        2.041795829494564
0.682500        2.0506983914654207
0.685000        2.0596127490987204
0.687500        2.0685386207070486
0.690000        2.077476319775151
0.692500        2.0864255689937536
0.695000        2.09538667760326
0.697500        2.1043593726139935
0.700000        2.1133439590803835
0.702500        2.122340168274606
0.705000        2.131348301122692
0.707500        2.1403680931017117
0.710000        2.149399841066092
0.712500        2.158443284641617
0.715000        2.1674987166671276
0.717500        2.176565880861702
0.720000        2.1856450661038718
0.722500        2.19473602015133
0.725000        2.203839027976821
0.727500        2.2129538413227223
0.730000        2.222080741309787
0.732500        2.2312194836118575
0.735000        2.240370345550774
0.737500        2.2495330866793477
0.740000        2.2587079805728685
0.742500        2.2678947906113187
0.745000        2.277093786675108
0.747500        2.286304735920284
0.750000        2.295527904583359
0.752500        2.3047630635460177
0.755000        2.3140104754511857
0.757500        2.3232699148564233
0.760000        2.332541640860713
0.762500        2.3418254316483917
0.765000        2.3511215428234866
0.767500        2.3604297561486582
0.770000        2.369750323781327
0.772500        2.379083031014666
0.775000        2.3884281266071916
0.777500        2.397785399335408
0.780000        2.4071550946060114
0.782500        2.4165370046322696
0.785000        2.425931371515535
0.787500        2.4353379908598782
0.790000        2.4447571015071663
0.792500        2.4541885024069234
0.795000        2.4636324291867986
0.797500        2.4730886840970037
0.800000        2.4825574995956448
0.802500        2.4920386811894417
0.805000        2.501532458211054
0.807500        2.511038639380107
0.810000        2.520557450947333
0.812500        2.5300887048022265
0.815000        2.539632624156555
0.817500        2.5491890240272
0.820000        2.558758124629371
0.822500        2.5683397440654048
0.825000        2.5779340995958044
0.827500        2.58754101236698
0.830000        2.5971606967260517
0.832500        2.6067929768226428
0.835000        2.6164380641312714
0.837500        2.626095785764452
0.840000        2.6357663503643636
0.842500        2.6454495879666045
0.845000        2.655145704420754
0.847500        2.6648545326462028
0.850000        2.6745762757391596
0.852500        2.6843107694640196
0.855000        2.6940582142023572
0.857500        2.7038184485252756
0.860000        2.7135916701379426
0.862500        2.7233777203803786
0.865000        2.733176794319082
0.867500        2.7429887360256764
0.870000        2.752813737965255
0.872500        2.7626516469042066
0.875000        2.7725026527429986
0.877500        2.7823666049064233
0.880000        2.792243690766636
0.882500        2.8021337623709393
0.885000        2.812037004599011
0.887500        2.821953272085228
0.890000        2.8318827472521892
0.892500        2.8418252872863565
0.895000        2.8517810721881816
0.897500        2.8617499616616797
0.900000        2.871732133319645
0.902500        2.881727449349551
0.905000        2.8917360850105798
0.907500        2.9017579049400073
0.910000        2.9117930820770166
0.912500        2.921841483475454
0.915000        2.9319032797876936
0.917500        2.9419783404513478
0.920000        2.952066833864736
0.922500        2.962168631816853
0.925000        2.9722839004843102
0.927500        2.982412513975518
0.930000        2.9925546362772977
0.932500        3.002710143785917
0.935000        3.0128791983299283
0.937500        3.0230616785622946
0.940000        3.0332577441844215
0.942500        3.043467276075205
0.945000        3.0536904318396214
0.947500        3.0639270945521346
0.950000        3.074177419751617
0.952500        3.0844412926781253
0.955000        3.0947188668343593
0.957500        3.105010029596375
0.960000        3.11531493246026
0.962500        3.125633464908846
0.965000        3.135965776460788
0.967500        3.146311758676852
0.970000        3.156671559127055
0.972500        3.167045071421631
0.975000        3.1774324412103923
0.977500        3.187833564124933
0.980000        3.19824858392292
0.982500        3.208677398229561
0.985000        3.2191201489380976
0.987500        3.229576735639947
0.990000        3.2400472983912714
0.992500        3.2505317387226693
0.995000        3.2610301948802167
0.997500        3.271542570307
1.000000        3.2820690014656577
1.002500        3.2926093936854137
1.005000        3.3031638816717823
1.007500        3.313732372614112
1.010000        3.324314999486754
1.012500        3.334911671313506
1.015000        3.345522519363195
1.017500        3.3561474544687186
1.020000        3.3667866062186764
1.022500        3.377439887230052
1.025000        3.388107425436191
1.027500        3.3987891352134625
1.030000        3.4094851428646074
1.032500        3.4201953645010033
1.035000        3.430919924819122
1.037500        3.441658741641284
1.040000        3.4524119380816973
1.042500        3.4631794336498807
1.045000        3.473961349901483
1.047500        3.484757608009774
1.050000        3.495568327995235
1.052500        3.5063934326717447
1.055000        3.5172330405477066
1.057500        3.528087076054769
1.060000        3.5389556562120426
1.062500        3.549838707046403
1.065000        3.5607363441101576
1.067500        3.571648495003158
1.070000        3.582575273833095
1.072500        3.5935166097508375
1.075000        3.604472615441372
1.077500        3.615443221584899
1.080000        3.626428539465321
1.082500        3.6374285012707794
1.085000        3.6484432169054166
1.087500        3.6594726200442036
1.090000        3.6705168192325743
1.092500        3.6815757496114916
1.095000        3.6926495183884533
1.097500        3.7037380621498475
1.100000        3.714841486785735
1.102500        3.725959730307631
1.105000        3.7370928973083917
1.107500        3.7482409272046233
1.110000        3.759403923311936
1.112500        3.770581826432263
1.115000        3.7817747386236604
1.117500        3.792982602053881
1.120000        3.804205517542858
1.122500        3.8154434286049153
1.125000        3.826696434841036
1.127500        3.837964481093115
1.130000        3.849247665762107
1.132500        3.8605459349987203
1.135000        3.8718593860225514
1.137500        3.8831879662746314
1.140000        3.894531771811602
1.142500        3.9058907513465613
1.145000        3.917264999791369
1.147500        3.9286544671131747
1.150000        3.940059247096981
1.152500        3.95147929094621
1.155000        3.9629146913366924
1.157500        3.97436540069058
1.160000        3.985831510591977
1.162500        3.9973129746644602
1.165000        4.008809883417612
1.167500        4.020322191659357
1.170000        4.031849988841733
1.172500        4.043393230940165
1.175000        4.054952006365891
1.177500        4.0665262722451985
1.180000        4.078116115965054
1.182500        4.089721495786213
1.185000        4.101342498087643
1.187500        4.1129790822483905
1.190000        4.124631333655508
1.192500        4.136299212790346
1.195000        4.147982804063895
1.197500        4.159682069044068
1.200000        4.171397091181417
1.202500        4.183127833114872
1.205000        4.194874377349969
1.207500        4.2066366875813195
1.210000        4.218414845384654
1.212500        4.230208815495136
1.215000        4.242018678573675
1.217500        4.253844400381073
1.220000        4.265686060678215
1.222500        4.277543626236806
1.225000        4.289417175932291
1.227500        4.301306677532754
1.230000        4.313212209042584
1.232500        4.325133739211916
1.235000        4.337071345188264
1.237500        4.349024996689671
1.240000        4.360994770020769
1.242500        4.372980635853574
1.245000        4.384982669663605
1.247500        4.3970008430631005
1.250000        4.409035230712071
1.252500        4.421085805149403
1.255000        4.433152640233002
1.257500        4.445235709415021
1.260000        4.4573350857644805
1.262500        4.469450743633587
1.265000        4.481582755315507
1.267500        4.4937310960494905
1.270000        4.5058958373656885
1.272500        4.5180769553775395
1.275000        4.530274520864852
1.277500        4.542488510802588
1.280000        4.5547189952326885
1.282500        4.566965951979142
1.285000        4.57922945035833
1.287500        4.591509469030939
1.290000        4.603806076599922
1.292500        4.616119252550506
1.295000        4.628449064784174
1.297500        4.640795493598702
1.300000        4.653158606205878
1.302500        4.665538383704218
1.305000        4.677934892627425
1.307500        4.69034811486307
1.310000        4.702778116278241
1.312500        4.715224879538061
1.315000        4.727688469854268
1.317500        4.740168870658206
1.320000        4.752666146517376
1.322500        4.7651802816181466
1.325000        4.777711339894745
1.327500        4.79025930627753
1.330000        4.802824244078256
1.332500        4.815406138960377
1.335000        4.828005053623816
1.337500        4.8406209744543975
1.340000        4.853253963550689
1.342500        4.865904008010304
1.345000        4.878571169340779
1.347500        4.891255435341078
1.350000        4.903956866937886
1.352500        4.91667545262122
1.355000        4.929411252746942
1.357500        4.942164256485974
1.360000        4.954934523633225
1.362500        4.967722044030509
1.365000        4.980526876921521
1.367500        4.993349012809089
1.370000        5.006188510395278
1.372500        5.0190453608341965
1.375000        5.03191962229573
1.377500        5.044811286575657
1.380000        5.05772041132097
1.382500        5.070646988959675
1.385000        5.08359107662503
1.387500        5.096552667367913
1.390000        5.109531817816885
1.392500        5.1225285216364895
1.395000        5.135542834959464
1.397500        5.148574752054946
1.400000        5.161624328568607
1.402500        5.174691559365225
1.405000        5.187776499612012
1.407500        5.200879144760561
1.410000        5.21399954950812
1.412500        5.227137709884387
1.415000        5.2402936801249975
1.417500        5.253467456829172
1.420000        5.266659093779161
1.422500        5.279868588135246
1.425000        5.293095993234388
1.427500        5.306341306789587
1.430000        5.319604581700496
1.432500        5.332885816224586
1.435000        5.346185062832051
1.437500        5.359502320316734
1.440000        5.372837640727095
1.442500        5.38619102338534
1.445000        5.399562519925803
1.447500        5.412952130191162
1.450000        5.426359905409109
1.452500        5.439785845935017
1.455000        5.453230002597309
1.457500        5.466692376256372
1.460000        5.480173017348616
1.462500        5.493671927231876
1.465000        5.507189155957684
1.467500        5.520724705373864
1.470000        5.5342786251540925
1.472500        5.547850917628827
1.475000        5.5614416321008004
1.477500        5.575050771375844
1.480000        5.588678384392548
1.482500        5.602324474424963
1.485000        5.61598909005423
1.487500        5.629672235015567
1.490000        5.643373957539241
1.492500        5.657094261814679
1.495000        5.670833195727758
1.497500        5.684590763915246
1.500000        5.698367013924994
1.502500        5.7121619508343535
1.505000        5.725975621859417
1.507500        5.739808032511448
1.510000        5.753659229680936
1.512500        5.767529219306468
1.515000        5.781418047959001
1.517500        5.7953257219979655
1.520000        5.80925228768073
1.522500        5.8231977517811675
1.525000        5.837162160248933
1.527500        5.851145520266023
1.530000        5.865147877480137
1.532500        5.879169239475173
1.535000        5.893209651602534
1.537500        5.907269121841889
1.540000        5.921347695253912
1.542500        5.935445380207984
1.545000        5.949562221479528
1.547500        5.963698227821659
1.550000        5.977853443729938
1.552500        5.992027878335319
1.555000        6.006221575858785
1.557500        6.0204345458033295
1.560000        6.034666832120546
1.562500        6.048918444679735
1.565000        6.063189427168211
1.567500        6.077479789815932
1.570000        6.0917895760509495
1.572500        6.106118796458301
1.575000        6.120467494211702
1.577500        6.134835680245775
1.580000        6.149223397484743
1.582500        6.163630657207378
1.585000        6.178057502093168
1.587500        6.1925039437596965
1.590000        6.206970024646385
1.592500        6.221455756704323
1.595000        6.235961182137473
1.597500        6.250486313225235
1.600000        6.26503119194059
1.602500        6.279595830886112
1.605000        6.294180271808244
1.607500        6.308784527627651
1.610000        6.323408639868571
1.612500        6.338052621764767
1.615000        6.352716514622532
1.617500        6.3674003319837915
1.620000        6.382104114941072
1.622500        6.3968278773395895
1.625000        6.411571660062219
1.627500        6.426335477252643
1.630000        6.441119369588115
1.632500        6.455923351506051
1.635000        6.470747463482034
1.637500        6.485591720242528
1.640000        6.500456162065316
1.642500        6.515340803961291
1.645000        6.530245686014236
1.647500        6.545170823514919
1.650000        6.560116256356853
1.652500        6.575082000106168
1.655000        6.590068094469771
1.657500        6.605074555284705
1.660000        6.620101422074853
1.662500        6.635148710943792
1.665000        6.650216461235889
1.667500        6.665304689316915
1.670000        6.680413434355181
1.672500        6.695542712974376
1.675000        6.710692564170113
1.677500        6.725863004819782
1.680000        6.741054073749602
1.682500        6.756265788086495
1.685000        6.77149818649054
1.687500        6.786751286334056
1.690000        6.802025126114145
1.692500        6.817319723444477
1.695000        6.832635116662281
1.697500        6.847971323618541
1.700000        6.863328382493663
1.702500        6.878706311371985
1.705000        6.894105148280062
1.707500        6.909524911531669
1.710000        6.924965639002416
1.712500        6.940427349231648
1.715000        6.955910079946872
1.717500        6.97141384990918
1.720000        6.9869386967007685
1.722500        7.00248463930069
1.725000        7.018051715148562
1.727500        7.033639943437652
1.730000        7.049249361467673
1.732500        7.064879988642414
1.735000        7.080531862124275
1.737500        7.096205001523938
1.740000        7.111899443869024
1.742500        7.1276152089734985
1.745000        7.1433523337327
1.747500        7.159110838160309
1.750000        7.1748907590218
1.752500        7.190692116527046
1.755000        7.206514947314034
1.757500        7.222359271785347
1.760000        7.238225126453791
1.762500        7.254112531911211
1.765000        7.2700215245474915
1.767500        7.285952125140334
1.770000        7.301904369958901
1.772500        7.317878279963377
1.775000        7.3338738913043535
1.777500        7.349891225121162
1.780000        7.3659303174479085
1.782500        7.381991189599784
1.785000        7.398073877496433
1.787500        7.414178402625652
1.790000        7.430304800794616
1.792500        7.446453093660477
1.795000        7.462623316919878
1.797500        7.478815492396137
1.800000        7.495029655677246
1.802500        7.511265828749526
1.805000        7.527524047094133
1.807500        7.543804332857267
1.810000        7.560106721415025
1.812500        7.5764312350703875
1.815000        7.592777909096114
1.817500        7.6091467659489
1.820000        7.625537840799847
1.822500        7.641951156256308
1.825000        7.658386747389365
1.827500        7.674844636954031
1.830000        7.691324859922915
1.832500        7.707827439195725
1.835000        7.724352409648134
1.837500        7.7408997943215745
1.840000        7.757469627996265
1.842500        7.77406193385244
1.845000        7.790676746576295
1.847500        7.807314089483967
1.850000        7.823973997169009
1.852500        7.840656493080591
1.855000        7.857361611720954
1.857500        7.874089376669453
1.860000        7.890839822338318
1.862500        7.907612972434251
1.865000        7.924408861280714
1.867500        7.94122751270897
1.870000        7.958068960954908
1.872500        7.974933229971562
1.875000        7.9918203539084125
1.877500        8.008730356837503
1.880000        8.025663272823017
1.882500        8.042619126053289
1.885000        8.059597950508252
1.887500        8.07659977048981
1.890000        8.09362461989469
1.892500        8.110672523135673
1.895000        8.127743514027237
1.897500        8.144837617090385
1.900000        8.161954866058288
1.902500        8.179095285557501
1.905000        8.196258909240786
1.907500        8.213445761837612
1.910000        8.230655876921187
1.912500        8.247889279321289
1.915000        8.265146002532362
1.917500        8.282426071481893
1.920000        8.299729519586347
1.922500        8.317056371868343
1.925000        8.334406661667071
1.927500        8.351780414097714
1.930000        8.3691776624229
1.932500        8.386598431847805
1.935000        8.404042755559129
1.937500        8.421510658849542
1.940000        8.439002174830403
1.942500        8.456517328879336
1.945000        8.47405615403295
1.947500        8.491618675751315
1.950000        8.509204926996805
1.952500        8.52681493330945
1.955000        8.544448727577873
1.957500        8.562106335419582
1.960000        8.579787789649902
1.962500        8.597493115961353
1.965000        8.615222347096363
1.967500        8.63297550882001
1.970000        8.650752633802202
1.972500        8.668553747878128
1.975000        8.68637888364551
1.977500        8.704228067007218
1.980000        8.722101330489064
1.982500        8.73999870005919
1.985000        8.757920208171775
1.987500        8.77586588085779
1.990000        8.793835750500005
1.992500        8.81182984318983
1.995000        8.829848191238796
1.997500        8.84789082079637
2.000000        8.865957764102987
2.002500        8.884049047363774
2.005000        8.902164702748191
2.007500        8.920304756514632
2.010000        8.938469240761673
2.012500        8.956658181798606
2.015000        8.974871611653136
2.017500        8.993109556683098
2.020000        9.011372048845345
2.022500        9.029659114543882
2.025000        9.04797078566467
2.027500        9.066307088655549
2.030000        9.084668055331512
2.032500        9.103053712181875
2.035000        9.121464090950571
2.037500        9.139899218166043
2.040000        9.158359125501033
2.042500        9.176843839520764
2.045000        9.195353391826618
2.047500        9.213887809018264
2.050000        9.232447122625516
2.052500        9.251031359280152
2.055000        9.269640550440176
2.057500        9.288274722767149
2.060000        9.306933907647004
2.062500        9.325618131768739
2.065000        9.3443274264459
2.067500        9.363061818392612
2.070000        9.381821338849704
2.072500        9.400606014554079
2.075000        9.419415876673472
2.077500        9.438250951965259
2.080000        9.457111271523669
2.082500        9.475996862124205
2.085000        9.494907754787185
2.087500        9.513843976303889
2.090000        9.53280555762026
2.092500        9.551792525541032
2.095000        9.570804910937252
2.097500        9.589842740624785
2.100000        9.60890604539927
2.102500        9.627994852085344
2.105000        9.647109191402695
2.107500        9.66624909018238
2.110000        9.68541457906754
2.112500        9.704605684893306
2.115000        9.723822438225664
2.117500        9.74306486590148
2.120000        9.762332998408912
2.122500        9.781626862584197
2.125000        9.80094648883702
2.127500        9.820291904000602
2.130000        9.83966313840546
2.132500        9.859060218879403
2.135000        9.878483175673068
2.137500        9.897932035606484
2.140000        9.917406828849636
2.142500        9.936907582212363
2.145000        9.956434325783238
2.147500        9.975987086359495
2.150000        9.9955658939475
2.152500        10.015170775329434
2.155000        10.034801760428646
2.157500        10.054458876009836
2.160000        10.0741421519125
2.162500        10.093851614881359
2.165000        10.113587294671227
2.167500        10.133349218004344
2.170000        10.153137414549999
2.172500        10.172951911005423
2.175000        10.192792736953482
2.177500        10.21265991906387
2.180000        10.232553486832163
2.182500        10.25247346689791
2.185000        10.272419888668537
2.187500        10.29239277875081
2.190000        10.312392166463137
2.192500        10.3324180783768
2.195000        10.352470543720372
2.197500        10.37254958902691
2.200000        10.392655243434305
2.202500        10.412787533434564
2.205000        10.432946488074126
2.207500        10.453132133801052
2.210000        10.473344499569592
2.212500        10.49358361178086
2.215000        10.51384949929625
2.217500        10.534142188466795
2.220000        10.554461708060472
2.222500        10.574808084374972
2.225000        10.595181346084399
2.227500        10.615581519429647
2.230000        10.636008632990656
2.232500        10.656462712947835
2.235000        10.676943787786893
2.237500        10.697451883623813
2.240000        10.717987028850224
2.242500        10.738549249513426
2.245000        10.759138573911454
2.247500        10.779755028018219
2.250000        10.80039864003911
2.252500        10.821069435869418
2.255000        10.84176744362335
2.257500        10.862492689111715
2.260000        10.883245200359696
2.262500        10.904025003086879
2.265000        10.92483212523253
2.267500        10.945666592417211
2.270000        10.966528432498503
2.272500        10.98741767098878
2.275000        11.008334335669716
2.277500        11.029278451934527
2.280000        11.050250047496732
2.282500        11.071249147617134
2.285000        11.092275779951418
2.287500        11.113329969611726
2.290000        11.13441174420964
2.292500        11.155521128688395
2.295000        11.176658150633731
2.297500        11.197822834794522
2.300000        11.219015208754843
2.302500        11.240235297036858
2.305000        11.261483127255111
2.307500        11.282758723663434
2.310000        11.304062113949648
2.312500        11.32539332204523
2.315000        11.346752375768446
2.317500        11.368139298657603
2.320000        11.389554118738065
2.322500        11.410996859061427
2.325000        11.432467547963338
2.327500        11.453966207883987
2.330000        11.47549286760892
2.332500        11.497047548799461
2.335000        11.518630280880853
2.337500        11.540241084508988
2.340000        11.561879990008208
2.342500        11.583547016720246
2.345000        11.605242196225007
2.347500        11.626965546126325
2.350000        11.648717099752382
2.352500        11.670496872383652
2.355000        11.692304899781547
2.357500        11.714141194088679
2.360000        11.73600579445775
2.362500        11.757898708752819
2.365000        11.779819980865948
2.367500        11.801769612774699
2.370000        11.82374765501919
2.372500        11.845754101408712
2.375000        11.867789011850903
2.377500        11.88985236872783
2.380000        11.911944245213526
2.382500        11.934064607577788
2.385000        11.956213547886573
2.387500        11.978391009518113
2.390000        12.000597111599056
2.392500        12.022831764742516
2.395000        12.045095127073772
2.397500        12.067387061966812
2.400000        12.089707784104405
2.402500        12.112057088264674
2.405000        12.13443527168134
2.407500        12.156842028817902
2.410000        12.179277778188194
2.412500        12.20174206652322
2.415000        12.224235491696135
2.417500        12.24675738135062
2.420000        12.269308600381464
2.422500        12.291888149255708
2.425000        12.314497293062857
2.427500        12.337134540255896
2.430000        12.359801759746286
2.432500        12.382496714861684
2.435000        12.405222191733085
2.437500        12.427974817101934
2.440000        12.450758779916072
2.442500        12.473568960118698
2.445000        12.49641170738428
2.447500        12.519279194697155
2.450000        12.542181125846668
2.452500        12.565105436511622
2.455000        12.588067088012895
2.457500        12.611047287573605
2.460000        12.634069361673394
2.462500        12.657103565089749
2.465000        12.680186919780951
2.467500        12.703270916834231
2.470000        12.726423271556673
2.472500        12.749544900117677
2.475000        12.772754344883886
2.477500        12.795873504838184
2.480000        12.819151078634931
2.482500        12.842337895716703
2.485000        12.865690229812536
2.487500        12.888992584008857
2.490000        12.912398307708056
2.492500        12.93564316061634
2.495000        12.959071249620497
2.497500        12.982841941310475
2.500000        13.006258397171848
2.502500        13.029867778524473
2.505000        13.053361096792269
2.507500        13.077161751553458
2.510000        13.100773555010282
2.512500        13.124639507094493
2.515000        13.148325278751003
2.517500        13.172084215198005
2.520000        13.1958189685684
2.522500        13.219515715125898
2.525000        13.243333389742673
2.527500        13.267358357344083
2.530000        13.291205444322696
2.532500        13.315435696801462
2.535000        13.339316400104362
2.537500        13.3635402301726
2.540000        13.387518974628492
2.542500        13.411979579219398
2.545000        13.43602227411857
2.547500        13.460233616597193
2.550000        13.484346712179427
2.552500        13.508376619345196
2.555000        13.532554734310004
2.557500        13.557032628813332
2.560000        13.581240009519021
2.562500        13.60562751246134
2.565000        13.629959196353344
2.567500        13.6544800178076
2.570000        13.67884016368686
2.572500        13.703450074961516
2.575000        13.727795242390616
2.577500        13.752252027618646
2.580000        13.77668161920813
2.582500        13.801246119083313
2.585000        13.825697779813272
2.587500        13.850281893746956
2.590000        13.874726459724545
2.592500        13.89944359202347
2.595000        13.923945060574273
2.597500        13.948510805302408
2.600000        13.972963277382057
2.602500        13.997638549947407
2.605000        14.022247089258332
2.607500        14.046320986277046
2.610000        14.070955434833316
2.612500        14.095721713610516
2.615000        14.12029904467732
2.617500        14.145423005104089
2.620000        14.169975866391216
2.622500        14.194821952909045
2.625000        14.219541610256954
2.627500        14.2446999387458
2.630000        14.269319932683786
2.632500        14.294238232001746
2.635000        14.318909843573344
2.637500        14.343925734939347
2.640000        14.368471877265446
2.642500        14.393296553156144
2.645000        14.417813645846373
2.647500        14.44219863121479
2.650000        14.46671879836573
2.652500        14.49137525506831
2.655000        14.516016245176395
2.657500        14.541252308761557
2.660000        14.565881192369485
2.662500        14.590695530042279
2.665000        14.615163103493988
2.667500        14.639911306078087
2.670000        14.664354678120283
2.672500        14.689204897591477
2.675000        14.713766430952404
2.677500        14.737655427083116
2.680000        14.762333791462726
2.682500        14.78723768724672
2.685000        14.811926239917426
2.687500        14.836367903674152
2.690000        14.86107157474894
2.692500        14.886045668911738
2.695000        14.910719719045929
2.697500        14.935682331409534
2.700000        14.960373027506797
2.702500        14.98533630096955
2.705000        15.010065162808285
2.707500        15.03492475660434
2.710000        15.059586796266345
2.712500        15.084588402462263
2.715000        15.109182488830616
2.717500        15.13444323511742
2.720000        15.159094080084934
2.722500        15.1841730057523
2.725000        15.208914631277391
2.727500        15.233976694999665
2.730000        15.258737193340487
2.732500        15.283726036606954
2.735000        15.308419504843783
2.737500        15.333578288602332
2.740000        15.358411466764931
2.742500        15.38337055239305
2.745000        15.408143224628311
2.747500        15.432874813839504
2.750000        15.457623240631253
2.752500        15.482492580685225
2.755000        15.507244464091514
2.757500        15.532084539819216
2.760000        15.556853379375546
2.762500        15.58173215570713
2.765000        15.606420061502373
2.767500        15.631473346466358
2.770000        15.656298262858506
2.772500        15.681121680517037
2.775000        15.705855195125817
2.777500        15.73078507994996
2.780000        15.75559950100509
2.782500        15.780119547820831
2.785000        15.805011667516759
2.787500        15.829705012694959
2.790000        15.854598694152873
2.792500        15.879017911881334
2.795000        15.90368300072872
2.797500        15.928777488870402
2.800000        15.953580196912313
2.802500        15.977680973822277
2.805000        16.00244284705548
2.807500        16.027563676523325
2.810000        16.052260788867816
2.812500        16.076798211627487
2.815000        16.101524123095395
2.817500        16.125148552804607
2.820000        16.149890415513518
2.822500        16.174785593356976
2.825000        16.19947339523449
2.827500        16.22273753865024
2.830000        16.24739974219074
2.832500        16.272051459052296
2.835000        16.29676820072053
2.837500        16.321751313243702
2.840000        16.346407647901234
2.842500        16.37108777723954
2.845000        16.395750440023836
2.847500        16.41881036804213
2.850000        16.44345846715531
2.852500        16.468256051208623
2.855000        16.49297914422099
2.857500        16.516445642960786
2.860000        16.541194192046422
2.862500        16.56609645331601
2.865000        16.590749538546767
2.867500        16.613844592189274
2.870000        16.638592708474484
2.872500        16.663256267013885
2.875000        16.687932941404355
2.877500        16.712721394083417
2.880000        16.737451100240452
2.882500        16.76129111603856
2.885000        16.786030570245806
2.887500        16.811307609956966
2.890000        16.83603783761005
2.892500        16.86077479786822
2.895000        16.88558555609301
2.897500        16.909172276335713
2.900000        16.933765716717506
2.902500        16.956295394231404
2.905000        16.980990071239393
2.907500        17.005810560106543
2.910000        17.0303727939622
2.912500        17.055302546276803
2.915000        17.079946766256082
2.917500        17.103241902150188
2.920000        17.127837252613816
2.922500        17.152577974179827
2.925000        17.17716748238273
2.927500        17.20176561046452
2.930000        17.226336865784507
2.932500        17.250978019007757
2.935000        17.27554006945713
2.937500        17.299902215431096
2.940000        17.324452897397315
2.942500        17.349049682049603
2.945000        17.373644790063484
2.947500        17.397851114845945
2.950000        17.422319827027117
2.952500        17.44681841587774
2.955000        17.471286593225894
2.957500        17.49525393184817
2.960000        17.519725133178436
2.962500        17.544165091074618
2.965000        17.5686237145679
2.967500        17.593059848904417
2.970000        17.617466939663597
2.972500        17.64188010899092
2.975000        17.666295207228135
2.977500        17.68995641974514
2.980000        17.714485364630516
2.982500        17.73888857045249
2.985000        17.763331475165085
2.987500        17.787679630548563
2.990000        17.812134524084
2.992500        17.836504858424856
2.995000        17.861077130825443
2.997500        17.885062293419224
3.000000        17.909579739814415
3.002500        17.934051074497006
3.005000        17.958418774600254
3.007500        17.982746888358456
3.010000        18.007130228709713
3.012500        18.03185217641305
3.015000        18.056234076321726
3.017500        18.08057746220824
3.020000        18.10490993142172
3.022500        18.129167944941535
3.025000        18.153574082718183
3.027500        18.177834637693007
3.030000        18.202131722024415
3.032500        18.226552158250144
3.035000        18.250864154153767
3.037500        18.27430264604215
3.040000        18.298587802504343
3.042500        18.323752487359315
3.045000        18.347920707076447
3.047500        18.372241384000247
3.050000        18.39645423376289
3.052500        18.4176740640046
3.055000        18.441894375824763
3.057500        18.465913055216152
3.060000        18.49015195332498
3.062500        18.515094395392985
3.065000        18.539329533817785
3.067500        18.56382444140248
3.070000        18.587905269229356
3.072500        18.612318174776334
3.075000        18.63661227725647
3.077500        18.653592419708446
3.080000        18.677886285078635
3.082500        18.702474571182957
3.085000        18.72666004369241
3.087500        18.750437997293517
3.090000        18.774651259021823
3.092500        18.799425162183486
3.095000        18.8236254239031
3.097500        18.847873959804343
3.100000        18.872057980124985
3.102500        18.895419118724508
3.105000        18.91962860388191
3.107500        18.944253987415753
3.110000        18.968479585634636
3.112500        18.992912203874578
3.115000        19.01704053525759
3.117500        19.041808304377668
3.120000        19.065902175336085
3.122500        19.090043429207388
3.125000        19.114153636073997
3.127500        19.13799863023755
3.130000        19.162112916780103
3.132500        19.18490383169379
3.135000        19.20910266042903
3.137500        19.23359589043431
3.140000        19.257759083600263
3.142500        19.283315582066525
3.145000        19.307369775932244
3.147500        19.331467034781898
3.150000        19.355577270266973
3.152500        19.37962414310017
3.155000        19.403307781788598
3.157500        19.42733837647968
3.160000        19.450234581373884
3.162500        19.474286547175662
3.165000        19.4983188490969
3.167500        19.522362728317
3.170000        19.54883882778263
3.172500        19.572834284248852
3.175000        19.59681165360422
3.177500        19.620792223723754
3.180000        19.64379753637152
3.182500        19.667954318068993
3.185000        19.690515819435635
3.187500        19.714699358866504
3.190000        19.73842999176935
3.192500        19.762607821312304
3.195000        19.78580845148158
3.197500        19.810234614897887
3.200000        19.83427855564265
3.202500        19.858226636961707
3.205000        19.88224445390039
3.207500        19.90609848443787
3.210000        19.930144187387594
3.212500        19.9540091048929
3.215000        19.976172604891474
3.217500        20.000006550574337
3.220000        20.023901349780285
3.222500        20.04773283719878
3.225000        20.07143525170826
3.227500        20.09521769614473
3.230000        20.11900956002881
3.232500        20.142763942984253
